Aufgabe 1a)
[ 2.  0.  3.  1.]
Aufgabe 1b)
[ 0.  1.  2.  3.]
Aufgabe 2)
[ -3.35842465e-15   1.00000000e+00  -8.99280650e-14   5.82867088e-14]
Aufgabe 3b)
4: [-0.08 -0.12 -0.12 -0.08]

100: [-0.00490148 -0.00970493 -0.01441035 -0.01901774 -0.02352711 -0.02793844
 -0.03225174 -0.03646701 -0.04058426 -0.04460347 -0.04852465 -0.05234781
 -0.05607293 -0.05970003 -0.0632291  -0.06666013 -0.06999314 -0.07322811
 -0.07636506 -0.07940398 -0.08234487 -0.08518773 -0.08793256 -0.09057935
 -0.09312812 -0.09557886 -0.09793158 -0.10018626 -0.10234291 -0.10440153
 -0.10636212 -0.10822468 -0.10998922 -0.11165572 -0.11322419 -0.11469464
 -0.11606705 -0.11734144 -0.11851779 -0.11959612 -0.12057641 -0.12145868
 -0.12224292 -0.12292912 -0.1235173  -0.12400745 -0.12439957 -0.12469366
 -0.12488972 -0.12498775 -0.12498775 -0.12488972 -0.12469366 -0.12439957
 -0.12400745 -0.1235173  -0.12292912 -0.12224292 -0.12145868 -0.12057641
 -0.11959612 -0.11851779 -0.11734144 -0.11606705 -0.11469464 -0.11322419
 -0.11165572 -0.10998922 -0.10822468 -0.10636212 -0.10440153 -0.10234291
 -0.10018626 -0.09793158 -0.09557886 -0.09312812 -0.09057935 -0.08793256
 -0.08518773 -0.08234487 -0.07940398 -0.07636506 -0.07322811 -0.06999314
 -0.06666013 -0.0632291  -0.05970003 -0.05607293 -0.05234781 -0.04852465
 -0.04460347 -0.04058426 -0.03646701 -0.03225174 -0.02793844 -0.02352711
 -0.01901774 -0.01441035 -0.00970493 -0.00490148]
 
 1000: [-0.000499   -0.000997   -0.00149401 -0.00199002 -0.00248503 -0.00297904
 -0.00347205 -0.00396407 -0.00445509 -0.0049451  -0.00543413 -0.00592215
 -0.00640918 -0.0068952  -0.00738023 -0.00786426 -0.0083473  -0.00882933
 -0.00931037 -0.00979041 -0.01026945 -0.01074749 -0.01122454 -0.01170059
 -0.01217564 -0.01264969 -0.01312274 -0.0135948  -0.01406585 -0.01453591
 -0.01500498 -0.01547304 -0.0159401  -0.01640617 -0.01687124 -0.01733531
 -0.01779839 -0.01826046 -0.01872154 -0.01918162 -0.0196407  -0.02009878
 -0.02055587 -0.02101196 -0.02146704 -0.02192114 -0.02237423 -0.02282632
 -0.02327742 -0.02372752 -0.02417662 -0.02462473 -0.02507183 -0.02551794
 -0.02596305 -0.02640716 -0.02685027 -0.02729239 -0.02773351 -0.02817362
 -0.02861275 -0.02905087 -0.02948799 -0.02992412 -0.03035925 -0.03079338
 -0.03122652 -0.03165865 -0.03208979 -0.03251993 -0.03294907 -0.03337721
 -0.03380436 -0.0342305  -0.03465565 -0.03507981 -0.03550296 -0.03592511
 -0.03634627 -0.03676643 -0.03718559 -0.03760375 -0.03802092 -0.03843709
 -0.03885226 -0.03926643 -0.0396796  -0.04009178 -0.04050295 -0.04091313
 -0.04132231 -0.0417305  -0.04213768 -0.04254387 -0.04294906 -0.04335325
 -0.04375644 -0.04415864 -0.04455984 -0.04496003 -0.04535924 -0.04575744
 -0.04615464 -0.04655085 -0.04694606 -0.04734027 -0.04773349 -0.0481257
 -0.04851692 -0.04890714 -0.04929636 -0.04968458 -0.05007181 -0.05045803
 -0.05084326 -0.05122749 -0.05161073 -0.05199296 -0.0523742  -0.05275444
 -0.05313368 -0.05351192 -0.05388917 -0.05426541 -0.05464066 -0.05501492
 -0.05538817 -0.05576042 -0.05613168 -0.05650194 -0.0568712  -0.05723946
 -0.05760673 -0.057973   -0.05833827 -0.05870254 -0.05906581 -0.05942808
 -0.05978936 -0.06014964 -0.06050892 -0.0608672  -0.06122449 -0.06158078
 -0.06193607 -0.06229036 -0.06264365 -0.06299595 -0.06334724 -0.06369754
 -0.06404684 -0.06439515 -0.06474245 -0.06508876 -0.06543407 -0.06577838
 -0.06612169 -0.06646401 -0.06680532 -0.06714564 -0.06748496 -0.06782329
 -0.06816061 -0.06849694 -0.06883227 -0.0691666  -0.06949993 -0.06983227
 -0.0701636  -0.07049394 -0.07082328 -0.07115163 -0.07147897 -0.07180532
 -0.07213067 -0.07245502 -0.07277837 -0.07310073 -0.07342208 -0.07374244
 -0.0740618  -0.07438017 -0.07469753 -0.0750139  -0.07532927 -0.07564364
 -0.07595701 -0.07626938 -0.07658076 -0.07689114 -0.07720052 -0.0775089
 -0.07781629 -0.07812268 -0.07842807 -0.07873246 -0.07903585 -0.07933824
 -0.07963964 -0.07994004 -0.08023944 -0.08053784 -0.08083525 -0.08113166
 -0.08142706 -0.08172148 -0.08201489 -0.0823073  -0.08259872 -0.08288914
 -0.08317856 -0.08346698 -0.08375441 -0.08404083 -0.08432626 -0.08461069
 -0.08489413 -0.08517656 -0.085458   -0.08573844 -0.08601788 -0.08629632
 -0.08657377 -0.08685021 -0.08712566 -0.08740011 -0.08767357 -0.08794602
 -0.08821748 -0.08848794 -0.0887574  -0.08902586 -0.08929332 -0.08955979
 -0.08982526 -0.09008973 -0.0903532  -0.09061568 -0.09087715 -0.09113763
 -0.09139711 -0.0916556  -0.09191308 -0.09216957 -0.09242506 -0.09267955
 -0.09293304 -0.09318554 -0.09343703 -0.09368753 -0.09393703 -0.09418553
 -0.09443304 -0.09467955 -0.09492505 -0.09516957 -0.09541308 -0.09565559
 -0.09589711 -0.09613763 -0.09637715 -0.09661567 -0.0968532  -0.09708972
 -0.09732525 -0.09755978 -0.09779332 -0.09802585 -0.09825739 -0.09848793
 -0.09871747 -0.09894601 -0.09917355 -0.0994001  -0.09962565 -0.0998502
 -0.10007375 -0.10029631 -0.10051786 -0.10073842 -0.10095798 -0.10117655
 -0.10139411 -0.10161068 -0.10182625 -0.10204082 -0.10225439 -0.10246696
 -0.10267854 -0.10288912 -0.1030987  -0.10330728 -0.10351487 -0.10372145
 -0.10392704 -0.10413163 -0.10433523 -0.10453782 -0.10473942 -0.10494002
 -0.10513962 -0.10533822 -0.10553582 -0.10573243 -0.10592804 -0.10612265
 -0.10631626 -0.10650888 -0.10670049 -0.10689111 -0.10708073 -0.10726935
 -0.10745698 -0.10764361 -0.10782923 -0.10801386 -0.1081975  -0.10838013
 -0.10856177 -0.10874241 -0.10892205 -0.10910069 -0.10927833 -0.10945498
 -0.10963063 -0.10980528 -0.10997893 -0.11015159 -0.11032324 -0.1104939
 -0.11066356 -0.11083222 -0.11099989 -0.11116656 -0.11133222 -0.11149689
 -0.11166057 -0.11182324 -0.11198492 -0.1121456  -0.11230528 -0.11246396
 -0.11262164 -0.11277833 -0.11293402 -0.11308871 -0.1132424  -0.1133951
 -0.11354679 -0.11369749 -0.11384719 -0.11399589 -0.1141436  -0.11429031
 -0.11443601 -0.11458072 -0.11472444 -0.11486715 -0.11500887 -0.11514959
 -0.11528931 -0.11542803 -0.11556575 -0.11570248 -0.11583821 -0.11597294
 -0.11610667 -0.1162394  -0.11637114 -0.11650188 -0.11663162 -0.11676036
 -0.11688811 -0.11701485 -0.1171406  -0.11726535 -0.1173891  -0.11751186
 -0.11763362 -0.11775437 -0.11787413 -0.1179929  -0.11811066 -0.11822743
 -0.1183432  -0.11845797 -0.11857174 -0.11868451 -0.11879629 -0.11890707
 -0.11901685 -0.11912563 -0.11923341 -0.1193402  -0.11944599 -0.11955078
 -0.11965457 -0.11975737 -0.11985916 -0.11995996 -0.12005976 -0.12015856
 -0.12025637 -0.12035317 -0.12044898 -0.12054379 -0.1206376  -0.12073042
 -0.12082223 -0.12091305 -0.12100287 -0.1210917  -0.12117952 -0.12126635
 -0.12135217 -0.121437   -0.12152084 -0.12160367 -0.12168551 -0.12176635
 -0.12184619 -0.12192503 -0.12200287 -0.12207972 -0.12215557 -0.12223042
 -0.12230427 -0.12237712 -0.12244898 -0.12251984 -0.1225897  -0.12265856
 -0.12272642 -0.12279329 -0.12285916 -0.12292403 -0.1229879  -0.12305078
 -0.12311265 -0.12317353 -0.12323341 -0.12329229 -0.12335018 -0.12340706
 -0.12346295 -0.12351784 -0.12357173 -0.12362463 -0.12367652 -0.12372742
 -0.12377732 -0.12382622 -0.12387413 -0.12392103 -0.12396694 -0.12401185
 -0.12405576 -0.12409868 -0.12414059 -0.12418151 -0.12422143 -0.12426036
 -0.12429828 -0.12433521 -0.12437113 -0.12440606 -0.12444    -0.12447293
 -0.12450487 -0.1245358  -0.12456574 -0.12459469 -0.12462263 -0.12464958
 -0.12467552 -0.12470047 -0.12472443 -0.12474738 -0.12476934 -0.12479029
 -0.12481025 -0.12482922 -0.12484718 -0.12486415 -0.12488011 -0.12489508
 -0.12490906 -0.12492203 -0.12493401 -0.12494499 -0.12495497 -0.12496395
 -0.12497193 -0.12497892 -0.12498491 -0.1249899  -0.12499389 -0.12499688
 -0.12499888 -0.12499988 -0.12499988 -0.12499888 -0.12499688 -0.12499389
 -0.1249899  -0.12498491 -0.12497892 -0.12497193 -0.12496395 -0.12495497
 -0.12494499 -0.12493401 -0.12492203 -0.12490906 -0.12489508 -0.12488011
 -0.12486415 -0.12484718 -0.12482922 -0.12481025 -0.12479029 -0.12476934
 -0.12474738 -0.12472443 -0.12470047 -0.12467552 -0.12464958 -0.12462263
 -0.12459469 -0.12456574 -0.1245358  -0.12450487 -0.12447293 -0.12444
 -0.12440606 -0.12437113 -0.12433521 -0.12429828 -0.12426036 -0.12422143
 -0.12418151 -0.12414059 -0.12409868 -0.12405576 -0.12401185 -0.12396694
 -0.12392103 -0.12387413 -0.12382622 -0.12377732 -0.12372742 -0.12367652
 -0.12362463 -0.12357173 -0.12351784 -0.12346295 -0.12340706 -0.12335018
 -0.12329229 -0.12323341 -0.12317353 -0.12311265 -0.12305078 -0.1229879
 -0.12292403 -0.12285916 -0.12279329 -0.12272642 -0.12265856 -0.1225897
 -0.12251984 -0.12244898 -0.12237712 -0.12230427 -0.12223042 -0.12215557
 -0.12207972 -0.12200287 -0.12192503 -0.12184619 -0.12176635 -0.12168551
 -0.12160367 -0.12152084 -0.121437   -0.12135217 -0.12126635 -0.12117952
 -0.1210917  -0.12100287 -0.12091305 -0.12082223 -0.12073042 -0.1206376
 -0.12054379 -0.12044898 -0.12035317 -0.12025637 -0.12015856 -0.12005976
 -0.11995996 -0.11985916 -0.11975737 -0.11965457 -0.11955078 -0.11944599
 -0.1193402  -0.11923341 -0.11912563 -0.11901685 -0.11890707 -0.11879629
 -0.11868451 -0.11857174 -0.11845797 -0.1183432  -0.11822743 -0.11811066
 -0.1179929  -0.11787413 -0.11775437 -0.11763362 -0.11751186 -0.1173891
 -0.11726535 -0.1171406  -0.11701485 -0.11688811 -0.11676036 -0.11663162
 -0.11650188 -0.11637114 -0.1162394  -0.11610667 -0.11597294 -0.11583821
 -0.11570248 -0.11556575 -0.11542803 -0.11528931 -0.11514959 -0.11500887
 -0.11486715 -0.11472444 -0.11458072 -0.11443601 -0.11429031 -0.1141436
 -0.11399589 -0.11384719 -0.11369749 -0.11354679 -0.1133951  -0.1132424
 -0.11308871 -0.11293402 -0.11277833 -0.11262164 -0.11246396 -0.11230528
 -0.1121456  -0.11198492 -0.11182324 -0.11166057 -0.11149689 -0.11133222
 -0.11116656 -0.11099989 -0.11083222 -0.11066356 -0.1104939  -0.11032324
 -0.11015159 -0.10997893 -0.10980528 -0.10963063 -0.10945498 -0.10927833
 -0.10910069 -0.10892205 -0.10874241 -0.10856177 -0.10838013 -0.1081975
 -0.10801386 -0.10782923 -0.10764361 -0.10745698 -0.10726935 -0.10708073
 -0.10689111 -0.10670049 -0.10650888 -0.10631626 -0.10612265 -0.10592804
 -0.10573243 -0.10553582 -0.10533822 -0.10513962 -0.10494002 -0.10473942
 -0.10453782 -0.10433523 -0.10413163 -0.10392704 -0.10372145 -0.10351487
 -0.10330728 -0.1030987  -0.10288912 -0.10267854 -0.10246696 -0.10225439
 -0.10204082 -0.10182625 -0.10161068 -0.10139411 -0.10117655 -0.10095798
 -0.10073842 -0.10051786 -0.10029631 -0.10007375 -0.0998502  -0.09962565
 -0.0994001  -0.09917355 -0.09894601 -0.09871747 -0.09848793 -0.09825739
 -0.09802585 -0.09779332 -0.09755978 -0.09732525 -0.09708972 -0.0968532
 -0.09661567 -0.09637715 -0.09613763 -0.09589711 -0.09565559 -0.09541308
 -0.09516957 -0.09492505 -0.09467955 -0.09443304 -0.09418553 -0.09393703
 -0.09368753 -0.09343703 -0.09318554 -0.09293304 -0.09267955 -0.09242506
 -0.09216957 -0.09191308 -0.0916556  -0.09139711 -0.09113763 -0.09087715
 -0.09061568 -0.0903532  -0.09008973 -0.08982526 -0.08955979 -0.08929332
 -0.08902586 -0.0887574  -0.08848794 -0.08821748 -0.08794602 -0.08767357
 -0.08740011 -0.08712566 -0.08685021 -0.08657377 -0.08629632 -0.08601788
 -0.08573844 -0.085458   -0.08517656 -0.08489413 -0.08461069 -0.08432626
 -0.08404083 -0.08375441 -0.08346698 -0.08317856 -0.08288914 -0.08259872
 -0.0823073  -0.08201489 -0.08172148 -0.08142706 -0.08113166 -0.08083525
 -0.08053784 -0.08023944 -0.07994004 -0.07963964 -0.07933824 -0.07903585
 -0.07873246 -0.07842807 -0.07812268 -0.07781629 -0.0775089  -0.07720052
 -0.07689114 -0.07658076 -0.07626938 -0.07595701 -0.07564364 -0.07532927
 -0.0750139  -0.07469753 -0.07438017 -0.0740618  -0.07374244 -0.07342208
 -0.07310073 -0.07277837 -0.07245502 -0.07213067 -0.07180532 -0.07147897
 -0.07115163 -0.07082328 -0.07049394 -0.0701636  -0.06983227 -0.06949993
 -0.0691666  -0.06883227 -0.06849694 -0.06816061 -0.06782329 -0.06748496
 -0.06714564 -0.06680532 -0.06646401 -0.06612169 -0.06577838 -0.06543407
 -0.06508876 -0.06474245 -0.06439515 -0.06404684 -0.06369754 -0.06334724
 -0.06299595 -0.06264365 -0.06229036 -0.06193607 -0.06158078 -0.06122449
 -0.0608672  -0.06050892 -0.06014964 -0.05978936 -0.05942808 -0.05906581
 -0.05870254 -0.05833827 -0.057973   -0.05760673 -0.05723946 -0.0568712
 -0.05650194 -0.05613168 -0.05576042 -0.05538817 -0.05501492 -0.05464066
 -0.05426541 -0.05388917 -0.05351192 -0.05313368 -0.05275444 -0.0523742
 -0.05199296 -0.05161073 -0.05122749 -0.05084326 -0.05045803 -0.05007181
 -0.04968458 -0.04929636 -0.04890714 -0.04851692 -0.0481257  -0.04773349
 -0.04734027 -0.04694606 -0.04655085 -0.04615464 -0.04575744 -0.04535924
 -0.04496003 -0.04455984 -0.04415864 -0.04375644 -0.04335325 -0.04294906
 -0.04254387 -0.04213768 -0.0417305  -0.04132231 -0.04091313 -0.04050295
 -0.04009178 -0.0396796  -0.03926643 -0.03885226 -0.03843709 -0.03802092
 -0.03760375 -0.03718559 -0.03676643 -0.03634627 -0.03592511 -0.03550296
 -0.03507981 -0.03465565 -0.0342305  -0.03380436 -0.03337721 -0.03294907
 -0.03251993 -0.03208979 -0.03165865 -0.03122652 -0.03079338 -0.03035925
 -0.02992412 -0.02948799 -0.02905087 -0.02861275 -0.02817362 -0.02773351
 -0.02729239 -0.02685027 -0.02640716 -0.02596305 -0.02551794 -0.02507183
 -0.02462473 -0.02417662 -0.02372752 -0.02327742 -0.02282632 -0.02237423
 -0.02192114 -0.02146704 -0.02101196 -0.02055587 -0.02009878 -0.0196407
 -0.01918162 -0.01872154 -0.01826046 -0.01779839 -0.01733531 -0.01687124
 -0.01640617 -0.0159401  -0.01547304 -0.01500498 -0.01453591 -0.01406585
 -0.0135948  -0.01312274 -0.01264969 -0.01217564 -0.01170059 -0.01122454
 -0.01074749 -0.01026945 -0.00979041 -0.00931037 -0.00882933 -0.0083473
 -0.00786426 -0.00738023 -0.0068952  -0.00640918 -0.00592215 -0.00543413
 -0.0049451  -0.00445509 -0.00396407 -0.00347205 -0.00297904 -0.00248503
 -0.00199002 -0.00149401 -0.000997   -0.000499  ]
