40;38;7610.55586876589;
44;38;6621.734763421028;
48;38;5790.268787522842;
52;38;5091.638205892468;
56;38;3901.1922186300635;
60;38;4004.77161852509;
64;38;3580.785565056298;
68;38;3217.8995251627202;
72;38;2905.5049265583766;
76;38;2635.0462186169716;
80;38;2399.6097181466557;
84;38;2193.58764798174;
88;38;2012.4100649139946;
92;38;1852.333359982591;
96;38;1710.2741396962138;
100;38;1583.6788222056039;
104;38;1470.4210835281574;
108;38;1368.7209427196012;
112;38;1277.0806558331788;
116;38;1194.2336904030235;
120;38;1119.1039108413715;
124;38;1050.7727659675602;
128;38;988.4527754024002;
132;38;908.175539163216;
136;38;879.2264556968985;
140;38;831.2257270423852;
144;38;787.0210666344883;
148;38;746.2255785399775;
152;38;708.5000437546096;
156;38;673.5460971576686;
160;38;641.1005073213037;
164;38;610.9303619206203;
168;38;582.8289999079589;
172;38;556.6125620071853;
176;38;532.1170551863488;
180;38;509.195846027862;
184;38;487.7175133032051;
188;38;467.5640024728218;
192;38;448.62903482924776;
196;38;430.81673212571695;
200;38;414.04042414223113;
204;38;398.2216120312787;
208;38;379.3984501598952;
212;38;369.1780293161519;
216;38;355.8295393583412;
220;38;343.1898074845758;
224;38;331.20969086448713;
228;38;319.8442197108252;
232;38;309.0521805096487;
236;38;298.79574686138585;
240;38;289.04015183471165;
244;38;279.75339659779456;
248;38;270.9059908258205;
252;38;262.47072099337674;
256;38;254.42244318987287;
260;38;246.73789754754216;
264;38;239.39554174506338;
268;38;232.37540138795157;
272;38;225.6589353399395;
276;38;219.22891432818687;
280;38;213.06931135384912;
284;38;206.0334593206062;
288;38;201.50267776969486;
292;38;196.06875868370298;
296;38;190.85132553003496;
300;38;185.83904972142045;
304;38;181.02133282388968;
308;38;176.3882509054729;
312;38;171.9305037548329;
316;38;167.63936850619575;
320;38;163.50665722373378;
324;38;159.52467807658104;
328;38;155.68619975340152;
332;38;151.98441881900362;
336;38;148.41292973173404;
340;38;144.96569728120994;
344;38;141.63703122482366;
348;38;138.42156292724394;
352;38;135.31422381793345;
356;38;132.31022551667047;
360;38;128.96427850204236;
364;38;126.59438998504083;
368;38;123.87421851483487;
372;38;121.24068912225266;
376;38;118.69016499884674;
380;38;116.21919796138718;
384;38;113.82451684589432;
388;38;111.50301672524984;
392;38;109.25174888408765;
396;38;107.06791149083983;
400;38;104.9488409159876;
404;38;102.89200363450254;
408;38;100.89498868753071;
412;38;98.95550063761948;
416;38;97.07135299603215;
420;38;95.24046208422078;
424;38;93.46084128931761;
428;38;91.73059569425641;
432;38;90.04791704848867;
436;38;88.20554225420346;
440;38;86.81843298118474;
444;38;85.26840346993231;
448;38;83.75948470374351;
452;38;82.29023673494157;
456;38;80.85928206527205;
460;38;79.46530242484369;
464;38;78.10703574660147;
468;38;76.78327331414766;
472;38;75.49285708478055;
476;38;74.23467715931292;
480;38;73.00766940336507;
484;38;71.81081320136036;
488;38;70.6431293425976;
492;38;69.50367802151959;
496;38;68.39155694845613;
500;38;67.30589957442317;
504;38;66.24587340090693;
508;38;65.21067838970339;
512;38;64.09123043775617;
516;38;63.21173504786384;
520;38;62.24653578821017;
524;38;61.30326320503082;
528;38;60.381258512990826;
532;38;59.479887474804855;
536;38;58.59853930367353;
540;38;57.73662563707876;
544;38;56.89357955205924;
548;38;56.068854638317134;
552;38;55.26192411373995;
556;38;54.472279982504915;
560;38;53.699432240862734;
564;38;52.94290811610699;
568;38;52.20225134393695;
572;38;51.477021484661236;
576;38;50.76679326624799;
580;38;50.07115596501535;
584;38;49.38971281044178;
588;38;48.65971902422825;
592;38;48.067888272971686;
596;38;47.42677816802461;
600;38;46.7984037654096;
604;38;46.182430102539;
608;38;45.57853315428474;
612;38;44.986399402389;
616;38;44.40572543577764;
620;38;43.8362175584698;
624;38;43.27759141732713;
628;38;42.72957165311345;
632;38;42.19189155429376;
636;38;41.66429274193615;
640;38;41.14652485013721;
644;38;40.63834523767946;
648;38;40.13951869937955;
652;38;39.6498171922849;
656;38;39.16901958517701;
660;38;38.69691139819406;
664;38;38.19489275127489;
668;38;37.777937225497226;
672;38;37.33067345998825;
676;38;36.89130312694215;
680;38;36.45964163569079;
684;38;36.03550975815597;
688;38;35.618733444009194;
692;38;35.20914364004602;
696;38;34.806576121360195;
700;38;34.410871326701454;
704;38;34.02187419567235;
708;38;33.639434026576055;
712;38;33.26340432294273;
716;38;32.89364265486802;
720;38;32.530010525555554;
724;38;32.172373241890455;
728;38;31.820599789587504;
732;38;31.47456270911789;
736;38;31.134137988536168;
740;38;30.774295882441947;
744;38;30.46964613030468;
748;38;30.145347203728306;
752;38;29.826196858230105;
756;38;29.51208671314089;
760;38;29.202911221529575;
764;38;28.898567585531055;
768;38;28.598955671808653;
772;38;28.30397792327858;
776;38;28.013539286195737;
780;38;27.72754712992355;
784;38;27.445911172133492;
788;38;27.16854341359067;
792;38;26.89535806161075;
796;38;26.626271471463042;
800;38;26.361202075420806;
804;38;26.100070325785055;
808;38;25.84279863359734;
812;38;25.58931131013378;
816;38;25.322676006820984;
820;38;25.09339619405182;
824;38;24.850826038977175;
828;38;24.61175543132049;
832;38;24.376117387539125;
836;38;24.14384652651097;
840;38;23.9148790090494;
844;38;23.6891525065148;
848;38;23.46660615336259;
852;38;23.247180497941372;
856;38;23.030817483093415;
860;38;22.81746038484198;
864;38;22.607053793692103;
868;38;22.399543564604755;
872;38;22.194876793519143;
876;38;21.993001775250377;
880;38;21.793867976268302;
884;38;21.597426000171254;
888;38;21.40362755825845;
892;38;21.200612451273628;
896;38;21.023773481576427;
900;38;20.83762654356724;
904;38;20.65394047848713;
908;38;20.47267210956852;
912;38;20.293779200399513;
916;38;20.11722043189002;
920;38;19.942955381586216;
924;38;19.770944498066456;
928;38;19.601149075606372;
932;38;19.433531239981676;
936;38;19.268053917767247;
940;38;19.10468082611078;
944;38;18.943376444227397;
948;38;18.78410599713243;
952;38;18.626835440161813;
956;38;18.47153143572359;
960;38;18.318161338873324;
964;38;18.1666931783584;
968;38;18.00857415077371;
972;38;17.86933805755325;
976;38;17.723390378889235;
980;38;17.579223173537684;
984;38;17.436807601694454;
988;38;17.296115404327793;
992;38;17.15711889457816;
996;38;17.0197909329745;
1000;38;16.884104925120482;
1004;38;16.750034805414543;
1008;38;16.61755501877633;
1012;38;16.486640516010084;
1016;38;16.357266737632017;
1020;38;16.22940960748383;
1024;38;16.103045512480094;
1028;38;15.978151301462276;
1032;38;15.854704269378999;
1036;38;15.732682147156083;
1040;38;15.612063087988645;
1044;38;15.4865250837247;
1048;38;15.374948877692077;
1052;38;15.258412088802288;
1056;38;15.143195067903434;
1060;38;15.029277971250849;
1064;38;14.916641314430308;
1068;38;14.805265984481593;
1072;38;14.69513322174862;
1076;38;14.586224613587547;
1080;38;14.478522085082659;
1084;38;14.37200789669987;
1088;38;14.266664634309564;
1092;38;14.162475197997992;
1096;38;14.059422802545669;
1100;38;13.957490961845906;
1104;38;13.856663493548695;
1108;38;13.756924502551556;
1112;38;13.658258378438404;
1116;38;13.560649794560959;
1120;38;13.459325382427778;
1124;38;13.36854527243122;
1128;38;13.274020017555813;
1132;38;13.180493646863397;
1136;38;13.087952141306232;
1140;38;12.996381719782221;
1144;38;12.905768847494983;
1148;38;12.816100218280553;
1152;38;12.727362764384452;
1156;38;12.639543633424182;
1160;38;12.552630202584623;
1164;38;12.466610060238963;
1168;38;12.381471008744484;
1172;38;12.297201056293488;
1176;38;12.213788417859178;
1180;38;12.131221501920663;
1184;38;12.049488916050905;
1188;38;11.968579460881301;
1192;38;11.888482115889929;
1196;38;11.80552571465887;
1200;38;11.730680628948903;
1204;38;11.652955353987636;
1208;38;11.57599993576514;
1212;38;11.499804239925652;
1216;38;11.424358298883817;
1220;38;11.349652310889724;
1224;38;11.27567663211812;
1228;38;11.202421774118193;
1232;38;11.129878404033661;
1236;38;11.058037337172209;
1240;38;10.98688954212048;
1244;38;10.916426124451391;
1248;38;10.846638337436161;
1252;38;10.777517570177224;
1256;38;10.709055352726864;
1260;38;10.641243343989117;
1264;38;10.574073338468224;
1268;38;10.507537258359662;
1272;38;10.438765587965463;
1276;38;10.376335194176136;
1280;38;10.311653678993025;
1284;38;10.247575018163843;
1288;38;10.184091748385981;
1292;38;10.121196512178358;
1296;38;10.058882074408757;
1300;38;9.997141303905664;
1304;38;9.935967184397668;
1308;38;9.875352800096152;
1312;38;9.815291347778839;
1316;38;9.755776115631306;
1320;38;9.69680050860552;
1324;38;9.63835802189351;
1328;38;9.580442244878213;
1332;38;9.523046872551276;
1336;38;9.466165688514593;
1340;38;9.40979256916944;
1344;38;9.353921482095757;
1348;38;9.296277216008093;
1352;38;9.243661719094234;
1356;38;9.189261420475304;
1360;38;9.135339900603867;
1364;38;9.08189156037406;
1368;38;9.0289108799916;
1372;38;8.976392418504474;
1376;38;8.924330815911162;
1380;38;8.87272078848764;
1384;38;8.821557130901056;
1388;38;8.770834709685005;
1392;38;8.720548466268156;
1396;38;8.670693412082983;
1400;38;8.621264636023625;
1404;38;8.572257287680259;
1408;38;8.52366659526524;
1412;38;8.475487846064425;
1416;38;8.427716398537086;
1420;38;8.380347674174118;
1424;38;8.331554576221606;
1428;38;8.286800403731831;
1432;38;8.240613018349904;
1436;38;8.194810675899134;
1440;38;8.149389108140895;
1444;38;8.104344107314319;
1448;38;8.05967152217272;
1452;38;8.015367257761682;
1456;38;7.971427278895135;
1460;38;7.927847600631139;
1464;38;7.884624293612433;
1468;38;7.841753488033646;
1472;38;7.799231359200348;
1476;38;7.757054135454382;
1480;38;7.715218097235265;
1484;38;7.673719576156145;
1488;38;7.6325549498742475;
1492;38;7.591720645827081;
1496;38;7.5512131421601225;
1500;38;7.509548366331728;
1504;38;7.471164663893433;
1508;38;7.431616873978783;
1512;38;7.39238224590008;
1516;38;7.3534574848090415;
1520;38;7.3148393298015435;
1524;38;7.276524575810981;
1528;38;7.238510051256526;
1532;38;7.200792626885232;
1536;38;7.163369217178115;
1540;38;7.126236771029653;
1544;38;7.089392282467088;
1548;38;7.052832780866083;
1552;38;7.0165553379338235;
1556;38;6.980557056544058;
1560;38;6.9448350809707335;
1564;38;6.909386587582048;
1568;38;6.87420879648198;
1572;38;6.839298960800079;
1576;38;6.803439174243977;
1580;38;6.7702723147031065;
1584;38;6.736150181730409;
1588;38;6.702285348348596;
1592;38;6.668675232356691;
1596;38;6.635317286440113;
1600;38;6.602208994920147;
1604;38;6.569347870956335;
1608;38;6.536731463995238;
1612;38;6.504357346733741;
1616;38;6.472223128632322;
1620;38;6.440326443327649;
1624;38;6.408664953763946;
1628;38;6.377236357318907;
1632;38;6.346038374620548;
1636;38;6.31506875420564;
1640;38;6.284325273923969;
1644;38;6.253805735808783;
1648;38;6.223507969807542;
1652;38;6.192423171305563;
1656;38;6.163569214881136;
1660;38;6.133924012843636;
1664;38;6.104492165994088;
1668;38;6.075271627085385;
1672;38;6.046260383762274;
1676;38;6.017456442274124;
1680;38;5.9888578256104665;
1684;38;5.960462592123804;
1688;38;5.932268819236924;
1692;38;5.904274600177814;
1696;38;5.876478064945331;
1700;38;5.848877345371875;
1704;38;5.821470615179351;
1708;38;5.794256058778046;
1712;38;5.767231882438864;
1716;38;5.740396314766258;
1720;38;5.713747607162077;
1724;38;5.68728402823217;
1728;38;5.6601628500720835;
1732;38;5.634905427117701;
1736;38;5.608987046820403;
1740;38;5.583247063605086;
1744;38;5.55768385214833;
1748;38;5.53229579363142;
1752;38;5.50708129249324;
1756;38;5.482038769920109;
1760;38;5.457166668033096;
1764;38;5.432463440114589;
1768;38;5.407927565969658;
1772;38;5.3835575314369635;
1776;38;5.359351845623678;
1780;38;5.335309041363871;
1784;38;5.311427653345163;
1788;38;5.287706246030211;
1792;38;5.264143387597869;
1796;38;5.240737671354509;
1800;38;5.2174877013003425;
1804;38;5.193684024021422;
1808;38;5.1714495088072;
1812;38;5.148658570191401;
1816;38;5.126017957050863;
1820;38;5.103526348282685;
1824;38;5.08118243998797;
1828;38;5.0589849408370355;
1832;38;5.036932571123543;
1836;38;5.015024074869871;
1840;38;4.9932581979519455;
1844;38;4.971633712775656;
1848;38;4.950149387539568;
1852;38;4.928804021627002;
1856;38;4.907596414414002;
1860;38;4.8865253862040845;
1864;38;4.865589767085112;
1868;38;4.8447883927055955;
1872;38;4.8241201280397945;
1876;38;4.8035838292107655;
1880;38;4.782577986481556;
1884;38;4.762902678718092;
1888;38;4.742755620251046;
1892;38;4.722736115876614;
1896;38;4.702843092894909;
1900;38;4.683075492561329;
1904;38;4.663432258459579;
1908;38;4.643912352777988;
1912;38;4.624514741888561;
1916;38;4.605238409380036;
1920;38;4.586082344887473;
1924;38;4.567045550136754;
1928;38;4.548127036159713;
1932;38;4.529325828414585;
1936;38;4.51064095653237;
1940;38;4.492071461321757;
1944;38;4.473616397539445;
1948;38;4.455274826923414;
1952;38;4.4370458172543294;
1956;38;4.418416021955636;
1960;38;4.400921826800186;
1964;38;4.3830250308838;
1968;38;4.365237178697498;
1972;38;4.347557388726273;
1976;38;4.329984781315943;
1980;38;4.31251849961518;
1984;38;4.295157682110585;
1988;38;4.277901484969334;
1992;38;4.26074906622307;
1996;38;4.2436996001797525;
2000;38;4.22675225788953;
2004;38;4.209906228084947;
2008;38;4.193160710663506;
2012;38;4.176514897604648;
2016;38;4.159968005551491;
2020;38;4.143519250683312;
2024;38;4.127167859405745;
2028;38;4.110913062313557;
2032;38;4.094314100482734;
2036;38;4.078690227968764;
2040;38;4.062720697033001;
2044;38;4.046844761740431;
2048;38;4.031061700610735;
2052;38;4.0153707926165225;
2056;38;3.999771318594867;
2060;38;3.98426256635139;
2064;38;3.968843839058536;
2068;38;3.953514438944694;
2072;38;3.9382736775460216;
2076;38;3.9231208719847928;
2080;38;3.9080553458861687;
2084;38;3.893076434984323;
2088;38;3.878183475933838;
2092;38;3.8633758063187997;
2096;38;3.848652781402052;
2100;38;3.8340137536561087;
2104;38;3.819458089512409;
2108;38;3.8046052247045736;
2112;38;3.790594323319965;
2116;38;3.776284977384421;
2120;38;3.7620565007655387;
2124;38;3.7479082878053305;
2128;38;3.7338397328367137;
2132;38;3.7198502395021933;
2136;38;3.7059392198207206;
2140;38;3.6921060885997576;
2144;38;3.6783502587786643;
2148;38;3.6646711581888667;
2152;38;3.651068219318404;
2156;38;3.637540878373329;
2160;38;3.62408857434275;
2164;38;3.6107107536699914;
2168;38;3.597406866509118;
2172;38;3.5841763713979162;
2176;38;3.57101872873136;
2180;38;3.5579334035519423;
2184;38;3.544590100649657;
2188;38;3.531977593745978;
2192;38;3.51910606898673;
2196;38;3.5063047767871467;
2200;38;3.4935732026624464;
2204;38;3.480910841422883;
2208;38;3.468317198130535;
2212;38;3.4557917731781345;
2216;38;3.443334076268002;
2220;38;3.430943617106095;
2224;38;3.418619913763905;
2228;38;3.4063624871087086;
2232;38;3.394170866384229;
2236;38;3.382044578967907;
2240;38;3.3699831587546214;
2244;38;3.357986141489164;
2248;38;3.346053069437403;
2252;38;3.3341834951061173;
2256;38;3.3223769635460485;
2260;38;3.310345419033183;
2264;38;3.298951260141621;
2268;38;3.287331199799155;
2272;38;3.2757724294424406;
2276;38;3.26427451645759;
2280;38;3.2528370226300467;
2284;38;3.2414595414138603;
2288;38;3.230141648560675;
2292;38;3.218882920751639;
2296;38;3.207682957943689;
2300;38;3.196541344261277;
2304;38;3.185457677795057;
2308;38;3.174431558489232;
2312;38;3.163462581635031;
2316;38;3.1525503630055027;
2320;38;3.1416945062610466;
2324;38;3.1308946253102476;
2328;38;3.1201503396350745;
2332;38;3.10946125755072;
2336;38;3.0985750224990625;
2340;38;3.0882472211796994;
2344;38;3.077721523544824;
2348;38;3.067249539999466;
2352;38;3.0568309132959257;
2356;38;3.0464652768696396;
2360;38;3.0361522762595996;
2364;38;3.0258915532722312;
2368;38;3.015682754377849;
2372;38;3.0055255325514736;
2376;38;2.9954195361187885;
2380;38;2.985364430154732;
2384;38;2.9753598611168854;
2388;38;2.9654054996644845;
2392;38;2.955501009009822;
2396;38;2.945646057014528;
2400;38;2.9358403134028777;
2404;38;2.9260834497581527;
2408;38;2.916375143246114;
2412;38;2.9064933564422972;
2416;38;2.897102910286776;
2420;38;2.8875383549238904;
2424;38;2.878021082104169;
2428;38;2.868550782022794;
2432;38;2.8591271495224646;
2436;38;2.8497498775868735;
2440;38;2.8404186601255788;
2444;38;2.831133198500538;
2448;38;2.8218931959254405;
2452;38;2.8126983518923225;
2456;38;2.8035483733401634;
2460;38;2.794442968139265;
2464;38;2.785381850668273;
2468;38;2.7763647325209604;
2472;38;2.7673913299349806;
2476;38;2.758461362878734;
2480;38;2.749574542929622;
2484;38;2.7407305975029885;
2488;38;2.731733409662411;
2492;38;2.7231702398403286;
2496;38;2.7144532777583663;
2500;38;2.705778106335856;
2504;38;2.697144452975408;
2508;38;2.6885520571777306;
2512;38;2.680000656584525;
2516;38;2.6714899813814554;
2520;38;2.6630197859685723;
2524;38;2.654589809842946;
2528;38;2.646199793429332;
2532;38;2.6378494929813314;
2536;38;2.6295386526489892;
2540;38;2.621267029609953;
2544;38;2.6130343708045984;
2548;38;2.60484043247925;
2552;38;2.596684977397672;
2556;38;2.5885677627338737;
2560;38;2.580488554047406;
2564;38;2.572273452338777;
2568;38;2.564443179548107;
2572;38;2.556476555082554;
2576;38;2.548546996929872;
2580;38;2.540654271564563;
2584;38;2.5327981557038584;
2588;38;2.524978422343338;
2592;38;2.517194840747834;
2596;38;2.5094472015989595;
2600;38;2.5017352704380755;
2604;38;2.4940588351419137;
2608;38;2.486417678948783;
2612;38;2.4788115850788017;
2616;38;2.4712403311677917;
2620;38;2.4637037181364576;
2624;38;2.456201527344092;
2628;38;2.4487335475932923;
2632;38;2.4412995751463313;
2636;38;2.433899412770188;
2640;38;2.4263783285805403;
2644;38;2.419199655756529;
2648;38;2.4118996638626413;
2652;38;2.404632665184181;
2656;38;2.3973984652784566;
2660;38;2.3901968510781444;
2664;38;2.3830276430417143;
2668;38;2.375890638342753;
2672;38;2.36878564905237;
2676;38;2.361712480726055;
2680;38;2.3546709454312804;
2684;38;2.3476608552373364;
2688;38;2.340682022211695;
2692;38;2.3337342630729836;
2696;38;2.3268173889609898;
2700;38;2.319931219384671;
2704;38;2.3130755757174484;
2708;38;2.3062502784050594;
2712;38;2.2994551339143072;
2716;38;2.292552052233077;
2720;38;2.28595464569662;
2724;38;2.2792489437742915;
2728;38;2.272572700640012;
2732;38;2.2659257516261277;
2736;38;2.259307920890933;
2740;38;2.2527190363180125;
2744;38;2.246158932306571;
2748;38;2.2396274404582073;
2752;38;2.2331243942444416;
2756;38;2.2266496355059644;
2760;38;2.220202992122722;
2764;38;2.2137843077980506;
2768;38;2.2073934122709034;
2772;38;2.201030155762055;
2776;38;2.194694368936325;
2780;38;2.188385902018126;
2784;38;2.1821045949782274;
2788;38;2.175850292453106;
2792;38;2.169499319496026;
2796;38;2.1634220803825883;
2800;38;2.1572478694088204;
2804;38;2.1511000470472936;
2808;38;2.144978473754236;
2812;38;2.138882988565456;
2816;38;2.132813451007678;
2820;38;2.1267697094281175;
2824;38;2.1207516242757265;
2828;38;2.1147590411073907;
2832;38;2.10879182689132;
2836;38;2.1028498290361313;
2840;38;2.096932911719705;
2844;38;2.0910409353873547;
2848;38;2.0851737474513357;
2852;38;2.0793312241876265;
2856;38;2.073513222316251;
2860;38;2.0677196032138454;
2864;38;2.061950233839525;
2868;38;2.056094028363077;
2872;38;2.05048368977441;
2876;38;2.0447862527289544;
2880;38;2.0391125323203596;
2884;38;2.0334623908511276;
2888;38;2.027835698070703;
2892;38;2.0222323283851438;
2896;38;2.016652150614391;
2900;38;2.0110950382277224;
2904;38;2.005560863764913;
2908;38;2.0000495034964842;
2912;38;1.9945608290254313;
2916;38;1.9890947138228512;
2920;38;1.9836510406712478;
2924;38;1.9782296793091518;
2928;38;1.9728305162461766;
2932;38;1.967453423085317;
2936;38;1.962098286325272;
2940;38;1.9567649831606104;
2944;38;1.9513534658781282;
2948;38;1.9461633994033036;
2952;38;1.9408948899490497;
2956;38;1.9356477451892715;
2960;38;1.930421847897378;
2964;38;1.9252170845720684;
2968;38;1.920033341706585;
2972;38;1.9148705058014457;
2976;38;1.9097284689360094;
2980;38;1.904607112022859;
2984;38;1.8995063345864764;
2988;38;1.8944260138123354;
2992;38;1.889366047365911;
2996;38;1.8843263291910262;
3000;38;1.8793067476381111;
3004;38;1.8743071910630533;
3008;38;1.8693275664427347;
3012;38;1.8643677621275856;
3016;38;1.8594276571566297;
3020;38;1.8544169253946166;
3024;38;1.849606182458956;
3028;38;1.8447246043342602;
3032;38;1.8398623199227586;
3036;38;1.8350192362013331;
3040;38;1.8301952489655378;
3044;38;1.825390259598862;
3048;38;1.8206041657613241;
3052;38;1.8158368725580658;
3056;38;1.8110882776491053;
3060;38;1.8063582880004105;
3064;38;1.8016467975448904;
3068;38;1.7969537281496741;
3072;38;1.7922789607036975;
3076;38;1.7876224152169016;
3080;38;1.782983994924507;
3084;38;1.7783636012081843;
3088;38;1.7737611447555537;
3092;38;1.769176528805474;
3096;38;1.7645279614389437;
3100;38;1.7600604667586595;
3104;38;1.7555288364474109;
3108;38;1.7510146782169613;
3112;38;1.746517913923526;
3116;38;1.7420384542601823;
3120;38;1.7375761931416491;
3124;38;1.7331310654717527;
3128;38;1.7287029688941402;
3132;38;1.7242918196789105;
3136;38;1.7198975396840979;
3140;38;1.7155200302822777;
3144;38;1.711159209604375;
3148;38;1.706814997642141;
3152;38;1.702487308803029;
3156;38;1.6981760630824283;
3160;38;1.6938811618438194;
3164;38;1.6896025381174695;
3168;38;1.6853401100343035;
3172;38;1.6810196305668796;
3176;38;1.6768634853688127;
3180;38;1.6726491380795778;
3184;38;1.6684506552173843;
3188;38;1.664267964222745;
3192;38;1.6601009794958372;
3196;38;1.6559496210229554;
3200;38;1.6518138199680834;
3204;38;1.6476934944548702;
3208;38;1.6435885626106028;
3212;38;1.639498951868518;
3216;38;1.6354245840775548;
3220;38;1.6313653922588855;
3224;38;1.6273212833639263;
3228;38;1.6232922071721987;
3232;38;1.6192780650453642;
3236;38;1.6152787993141828;
3240;38;1.6112943299667677;
3244;38;1.607324578842963;
3248;38;1.60330202514524;
3252;38;1.5994289652153384;
3256;38;1.5955029650212964;
3260;38;1.591591394642819;
3264;38;1.5876941964088473;
3268;38;1.5838112884375732;
3272;38;1.5799426149205829;
3276;38;1.576088090248959;
3280;38;1.5722476548889972;
3284;38;1.5684212399974058;
3288;38;1.564608780447088;
3292;38;1.5608101999441715;
3296;38;1.557025440813959;
3300;38;1.55325442675894;
3304;38;1.5494970945183013;
3308;38;1.5457533864191646;
3312;38;1.542023220570627;
3316;38;1.5383065467540291;
3320;38;1.5346032923880557;
3324;38;1.5308518955953332;
3328;38;1.527236783380431;
3332;38;1.5235734059333481;
3336;38;1.5199231930273527;
3340;38;1.5162860832533624;
3344;38;1.5126620114860998;
3348;38;1.5090509181882226;
3352;38;1.5054527345037059;
3356;38;1.5018674120674405;
3360;38;1.4982948783017491;
3364;38;1.4947350792535872;
3368;38;1.4911879553765175;
3372;38;1.4876534322320367;
3376;38;1.4841314633140428;
3380;38;1.4806219890797365;
3384;38;1.4771249481218547;
3388;38;1.4736402771741268;
3392;38;1.4701679371792125;
3396;38;1.4667078406546352;
3400;38;1.4632037693645543;
3404;38;1.4598242013016716;
3408;38;1.4564005300708232;
3412;38;1.4529889013792854;
3416;38;1.4495892445102072;
3420;38;1.4462015036351659;
3424;38;1.4428256229402905;
3428;38;1.4394615521869127;
3432;38;1.4361092299659504;
3436;38;1.4327686041797278;
3440;38;1.4294396283203241;
3444;38;1.4261222316599742;
3448;38;1.4228163751431566;
3452;38;1.4195219936300418;
3456;38;1.4162390480614704;
3460;38;1.412967475160258;
3464;38;1.4097072228305478;
3468;38;1.4064582445571432;
3472;38;1.4032204882405495;
3476;38;1.3999424647154228;
3480;38;1.396778410728075;
3484;38;1.3935740002289094;
3488;38;1.3903806107355194;
3492;38;1.3871981677912117;
3496;38;1.384026645375343;
3500;38;1.380865996969078;
3504;38;1.3777161481211806;
3508;38;1.3745770728037314;
3512;38;1.3714487151901267;
3516;38;1.3683310194501246;
3520;38;1.3652239409311733;
3524;38;1.362127436843366;
3528;38;1.3590414681184484;
3532;38;1.3559659565780748;
3536;38;1.3529008706045715;
3540;38;1.3498461804447288;
3544;38;1.3468018135026796;
3548;38;1.3437677363035618;
3552;38;1.3406967359005648;
3556;38;1.3377302687731571;
3560;38;1.3347267742337863;
3564;38;1.3317333889463043;
3568;38;1.3287500608075788;
3572;38;1.3257767432951368;
3576;38;1.322813399205188;
3580;38;1.3198599727038527;
3584;38;1.316916432171638;
3588;38;1.3139827329487161;
3592;38;1.3110588098934386;
3596;38;1.308144650009126;
3600;38;1.305240188146854;
3604;38;1.3023453889636585;
3608;38;1.2994602115231828;
3612;38;1.2965846074439469;
3616;38;1.293718546967284;
3620;38;1.2908619723912125;
3624;38;1.2880148446474777;
3628;38;1.2851337945612613;
3632;38;1.282348784541682;
3636;38;1.2795297591292183;
3640;38;1.2767200242597028;
3644;38;1.2739195352714887;
3648;38;1.2711282456348272;
3652;38;1.2683461237338634;
3656;38;1.2655731230388483;
3660;38;1.2628092082031799;
3664;38;1.2600543401513278;
3668;38;1.2573084742216452;
3672;38;1.254571575065711;
3676;38;1.2518435924303049;
3680;38;1.2491245114579215;
3684;38;1.246414274441122;
3688;38;1.2437128478977684;
3692;38;1.2410201983348088;
3696;38;1.2383362773689441;
3700;38;1.235661058955884;
3704;38;1.2329546111668606;
3708;38;1.2303365548686997;
3712;38;1.2276872059374;
3716;38;1.2250464013941382;
3720;38;1.2224141077458626;
3724;38;1.2197902859188616;
3728;38;1.2171749061435548;
3732;38;1.2145679293444118;
3736;38;1.2119693108561478;
3740;38;1.2093790339513362;
3744;38;1.2067970465122926;
3748;38;1.2042233187767124;
3752;38;1.2016578228376602;
3756;38;1.1991005084382778;
3760;38;1.1965513514041959;
3764;38;1.1940103126562462;
3768;38;1.1914773642893124;
3772;38;1.1889524653597618;
3776;38;1.1864355823763617;
3780;38;1.1838899067315651;
3784;38;1.1814257377300237;
3788;38;1.178932696042466;
3792;38;1.176447547506541;
3796;38;1.1739702455924999;
3800;38;1.171500760527124;
3804;38;1.1690390569565352;
3808;38;1.1665851088400814;
3812;38;1.1641388789576013;
3816;38;1.1617003300889337;
3820;38;1.1592694417777238;
3824;38;1.156846171217694;
3828;38;1.1544304942271992;
3832;38;1.1520223791740136;
3836;38;1.1496217851126858;
3840;38;1.1472286859989254;
3844;38;1.1448430501986877;
3848;38;1.142464857257437;
3852;38;1.1400940550538508;
3856;38;1.137696670004516;
3860;38;1.1353745428859838;
3864;38;1.1330257677927875;
3868;38;1.1306842811172828;
3872;38;1.1283500363242638;
3876;38;1.126023016680847;
3880;38;1.1237031868258782;
3884;38;1.1213905244403577;
3888;38;1.11908499043966;
3892;38;1.1167865494644502;
3896;38;1.1144951903679612;
3900;38;1.112210879649865;
3904;38;1.10993358381711;
3908;38;1.1076632619206066;
3912;38;1.1053999158502847;
3916;38;1.103143491618539;
3920;38;1.1008939724961238;
3924;38;1.0986513249808922;
3928;38;1.0964155230230972;
3932;38;1.094155125605539;
3936;38;1.0919643422821537;
3940;38;1.0897489076778584;
3944;38;1.0875402144374675;
3948;38;1.085338227201646;
3952;38;1.083142921783292;
3956;38;1.0809542702736508;
3960;38;1.0787722410314018;
3964;38;1.076596809873081;
3968;38;1.0744279656482831;
3972;38;1.0722656580965122;
3976;38;1.07010987420108;
3980;38;1.067960586055051;
3984;38;1.0658177620152856;
3988;38;1.0636813872133644;
3992;38;1.0615514244182123;
3996;38;1.0594278550324816;
4000;38;1.0573106548672513;
4004;38;1.0551997904240125;
4008;38;1.0530661439534015;
4012;38;1.0509969775303034;
4016;38;1.0489049844291003;
4020;38;1.0468192302960233;
4024;38;1.0447396965282678;
4028;38;1.0426663421731064;
4032;38;1.0405991579445981;
4036;38;1.0385381159267126;
4040;38;1.0364831900697027;
4044;38;1.0344343580454733;
4048;38;1.03239160125122;
4052;38;1.0303548787378531;
4056;38;1.0283241793495108;
4060;38;1.0262994844870263;
4064;38;1.0242807550584985;
4068;38;1.0222679761882318;
4072;38;1.0202611348613573;
4076;38;1.0182601957112638;
4080;38;1.0162651252339856;
4084;38;1.0142489286517957;
4088;38;1.0122925456944358;
4092;38;1.0103149882488651;
4096;38;1.0083432194787747;
4100;38;1.00637720960367;
4104;38;1.0044169567863719;
4108;38;1.0024624126199342;
4112;38;1.0005135771261848;
4116;38;0.998570416804796;
4120;38;0.9966329055969254;
4124;38;0.9947010323521681;
4128;38;0.9927747784659005;
4132;38;0.9908541067070473;
4136;38;0.988939009648675;
4140;38;0.9870294426091277;
4144;38;0.985125413062633;
4148;38;0.9832268837762967;
4152;38;0.9813338435960759;
4156;38;0.9794462627432949;
4160;38;0.977539049961706;
4164;38;0.9756874008744489;
4168;38;0.9738160789238464;
4172;38;0.9719501344297896;
4176;38;0.9700895525111264;
4180;38;0.9682342996657098;
4184;38;0.9663843684593303;
4188;38;0.9645397402928211;
4192;38;0.9627003779260122;
4196;38;0.9608662813880073;
4200;38;0.9590374134404556;
4204;38;0.9572137629311328;
4208;38;0.9553953075301251;
4212;38;0.953582028627352;
4216;38;0.9517739150724083;
4220;38;0.9499709370775236;
4224;38;0.9481730685911316;
4228;38;0.9463803096296033;
4232;38;0.9445926266871538;
4236;38;0.9427866833175358;
4240;38;0.9410324256114109;
4244;38;0.9392598590857233;
4248;38;0.937492305331034;
4252;38;0.9357297345577535;
4256;38;0.9339721281648963;
4260;38;0.9322194712676719;
4264;38;0.9304717452596378;
4268;38;0.9287289278090611;
4272;38;0.9269909965842089;
4276;38;0.9252579515996331;
4280;38;0.9235297444483876;
4284;38;0.921806393776933;
4288;38;0.9200878511728661;
4292;38;0.9183741054803249;
4296;38;0.9166651529922092;
4300;38;0.9149609639243863;
4304;38;0.9132615196704137;
4308;38;0.9115668090707914;
4312;38;0.9098550900907867;
4316;38;0.9081915032274992;
4320;38;0.9065108819431771;
4324;38;0.9048349124295783;
4328;38;0.903163587254312;
4332;38;0.9014968952596973;
4336;38;0.8998348103850731;
4340;38;0.8981773177492869;
4344;38;0.8965243987422582;
4348;38;0.8948760384791967;
4352;38;0.8932322220771312;
4356;38;0.8915929272025096;
4360;38;0.8899581426958321;
4364;38;0.8883278536723083;
4368;38;0.8867020377983863;
4372;38;0.8850806764639856;
4376;38;0.8834637622385344;
4380;38;0.8818512727812049;
4384;38;0.8802431932126638;
4388;38;0.8786192696279613;
4392;38;0.8770402079226187;
4396;38;0.875445268706244;
4400;38;0.8738546761142061;
4404;38;0.8722684115382435;
4408;38;0.8706864638115803;
4412;38;0.8691088106061216;
4416;38;0.8675354593833617;
4420;38;0.8659663542839553;
4424;38;0.8644015102254343;
4428;38;0.862840904866971;
4432;38;0.8612845196021226;
4436;38;0.8597323507201509;
4440;38;0.8581843572592334;
4444;38;0.8566405541369022;
4448;38;0.8551009115635679;
4452;38;0.8535654109309689;
4456;38;0.8520340485283668;
4460;38;0.8505068057438621;
4464;38;0.8489647527621855;
4468;38;0.8474645971382415;
4472;38;0.8459496089944878;
4476;38;0.8444386846531415;
4480;38;0.8429318017733749;
4484;38;0.8414289566480875;
4488;38;0.8399301157642185;
4492;38;0.8384352903103718;
4496;38;0.8369444467753056;
4500;38;0.8354575590983586;
4504;38;0.833974653367477;
4508;38;0.8324956737214961;
4512;38;0.831020646248362;
4516;38;0.8295495150869101;
4520;38;0.8280822914257442;
4524;38;0.8266189566529647;
4528;38;0.8251594996054337;
4532;38;0.8237039053965418;
4536;38;0.8222521665920794;
4540;38;0.8207865800977743;
4544;38;0.8193601658422267;
4548;38;0.8179198778470891;
4552;38;0.8164833857063059;
4556;38;0.8150506819838483;
4560;38;0.8136217406154174;
4564;38;0.8121965578884556;
4568;38;0.8107751040188305;
4572;38;0.8093573864643986;
4576;38;0.8079433866168984;
4580;38;0.8065330933113728;
4584;38;0.805126484212451;
4588;38;0.8037235444280668;
4592;38;0.8023242888757522;
4596;38;0.8009286654141761;
4600;38;0.7995366852319421;
4604;38;0.7981483334406221;
4608;38;0.7967635914283164;
4612;38;0.7953824517571775;
4616;38;0.7939883582421317;
4620;38;0.7926309198828676;
4624;38;0.7912604979046591;
4628;38;0.7898936485125887;
4632;38;0.788530319572601;
4636;38;0.7871705185425526;
4640;38;0.7858142379864148;
4644;38;0.7844614592904691;
4648;38;0.7831121563904162;
4652;38;0.7817663441983314;
4656;38;0.780424004100496;
4660;38;0.7790851137597201;
4664;38;0.7777496657363372;
4668;38;0.7764176451400999;
4672;38;0.7750890408078703;
4676;38;0.7737638453054387;
4680;38;0.7724420549111528;
4684;38;0.771123639842699;
4688;38;0.7698086001091724;
4692;38;0.7684814369786181;
4696;38;0.7671885908112017;
4700;38;0.765883602647591;
4704;38;0.764581937712137;
4708;38;0.7632835811145924;
4712;38;0.7619885477670323;
4716;38;0.7606967929805251;
4720;38;0.7594083279418555;
4724;38;0.7581231228596153;
4728;38;0.7568411814700085;
4732;38;0.7555624963333685;
4736;38;0.7542870376601059;
4740;38;0.7530148129135341;
4744;38;0.7517458034762967;
4748;38;0.7504799981834367;
4752;38;0.7492173858718161;
4756;38;0.7479579553764779;
4760;38;0.7467017141570977;
4764;38;0.7454486137976346;
4768;38;0.7441841490544903;
4772;38;0.7429518692333659;
4776;38;0.7417082026968274;
4780;38;0.7404676584355911;
4784;38;0.739230221563048;
4788;38;0.7379958809106029;
4792;38;0.7367646253169369;
4796;38;0.7355364622399065;
4800;38;0.7343113618899224;
4804;38;0.7330893168254988;
4808;38;0.7318703196069691;
4812;38;0.7306543553440861;
4816;38;0.7294414315001632;
4820;38;0.728231518278335;
4824;38;0.7270246119678632;
4828;38;0.725820705127262;
4832;38;0.7246197865897557;
4836;38;0.7234218377416255;
4840;38;0.7222268734913087;
4844;38;0.7210212136524206;
4848;38;0.7198457833474095;
4852;38;0.718659657472017;
4856;38;0.7174764603587391;
4860;38;0.7162961882877426;
4864;38;0.7151188151983661;
4868;38;0.7139443522701185;
4872;38;0.7127727659899392;
4876;38;0.7116040712662652;
4880;38;0.7104382532070304;
4884;38;0.7092752857479354;
4888;38;0.7081151800721273;
4892;38;0.706957913838778;
4896;38;0.705803490782273;
4900;38;0.7046518811112037;
4904;38;0.703503096008717;
4908;38;0.7023571168592753;
4912;38;0.7012139324961026;
4916;38;0.700073542930113;
4920;38;0.6989231098486925;
4924;38;0.6978010737166187;
4928;38;0.6966689940873039;
4932;38;0.695539660862778;
4936;38;0.6944130815045355;
4940;38;0.6932892262138921;
4944;38;0.6921681024577993;
4948;38;0.6910496953405527;
4952;38;0.6899339936935576;
4956;38;0.688821001254837;
4960;38;0.6877106845040544;
4964;38;0.6866030658020463;
4968;38;0.6854981153574045;
4972;38;0.6843958219978958;
4976;38;0.6832961894633627;
4980;38;0.6821992103105003;
4984;38;0.6811048696454236;
4988;38;0.6800131525760662;
4992;38;0.678924070287394;
4996;38;0.6778255461140361;
5000;38;0.6767537206815177;
5004;38;0.6756724533825036;
5008;38;0.674593765019381;
5012;38;0.673517670502406;
5016;38;0.6724441325859516;
5020;38;0.6713731848085445;
5024;38;0.6703047638475255;
5028;38;0.6692389069630735;
5032;38;0.6681755880890705;
5036;38;0.6671148072327924;
5040;38;0.6660565420479543;
5044;38;0.6650007925472892;
5048;38;0.663947558738073;
5052;38;0.6628968220011302;
5056;38;0.6618485674425756;
5060;38;0.6608028136979556;
5064;38;0.6597595272487524;
5068;38;0.6587187118275324;
5072;38;0.657669013737177;
5076;38;0.6566444531235902;
5080;38;0.6556109986813681;
5084;38;0.6545799780469679;
5088;38;0.6535513986764272;
5092;38;0.652525223327757;
5096;38;0.6515014706346847;
5100;38;0.6504801294286153;
5104;38;0.649461188542773;
5108;38;0.6484446330814535;
5112;38;0.6474304705043323;
5116;38;0.6464186784687627;
5120;38;0.6454092681560724;
5124;38;0.6444022023206344;
5128;38;0.6433975033251045;
5132;38;0.6423951488231978;
5136;38;0.6413951313716098;
5140;38;0.6403974584300158;
5144;38;0.6394021039268409;
5148;38;0.638398381848674;
5152;38;0.6374183428197284;
5156;38;0.6364299325032334;
5160;38;0.6354437959544157;
5164;38;0.6344599778803968;
5168;38;0.6334784224127361;
5172;38;0.6324991481851612;
5176;38;0.6315221514760196;
5180;38;0.6305473950415035;
5184;38;0.6295749161436106;
5188;38;0.6286046849836566;
5192;38;0.6276366866713943;
5196;38;0.6266709174869902;
5200;38;0.6257073923370626;
5204;38;0.6247460628037516;
5208;38;0.6237869624201267;
5212;38;0.6228300688380841;
5216;38;0.621875370894486;
5220;38;0.6209228685929702;
5224;38;0.6199624728033086;
5228;38;0.6190244211411482;
5232;38;0.6180784611060517;
5236;38;0.6171346594874194;
5240;38;0.6161930311955075;
5244;38;0.6152535464334505;
5248;38;0.6143162201096857;
5252;38;0.6133810187020572;
5256;38;0.6124479571190022;
5260;38;0.6115170316443255;
5264;38;0.6105882162064518;
5268;38;0.6096615257101803;
5272;38;0.6087369303641026;
5276;38;0.6078144488001271;
5280;38;0.6068940549448598;
5284;38;0.6059757450839243;
5288;38;0.6050595266715391;
5292;38;0.6041453810903477;
5296;38;0.6032333195198589;
5300;38;0.6023137873580708;
5304;38;0.601415344133784;
5308;38;0.6005094415068015;
5312;38;0.5996055931154842;
5316;38;0.5987037766135472;
5320;38;0.5978039845576859;
5324;38;0.5969062355798087;
5328;38;0.5960104998866882;
5332;38;0.5951167774837813;
5336;38;0.5942250646476168;
5340;38;0.593335353938528;
5344;38;0.5924476379113912;
5348;38;0.5915619165698445;
5352;38;0.5906781750236405;
5356;38;0.5897964207233599;
5360;38;0.5889166313299938;
5364;38;0.5880388254718127;
5368;38;0.587162958452609;
5372;38;0.5862890563548717;
5376;38;0.5854081167417462;
5380;38;0.5845470910699078;
5384;38;0.583679027895414;
5388;38;0.5828128775137884;
5392;38;0.5819486697309912;
5396;38;0.5810863710266858;
5400;38;0.5802260037580709;
5404;38;0.5793675381301;
5408;38;0.5785109741482302;
5412;38;0.5776563006420474;
5416;38;0.5768035287928797;
5420;38;0.5759526511537842;
5424;38;0.5751036379333527;
5428;38;0.5742565301115974;
5432;38;0.5734112531918072;
5436;38;0.572567855604575;
5440;38;0.5717263224560156;
5444;38;0.570886653751586;
5448;38;0.57004882342153;
5452;38;0.5692043373128399;
5456;38;0.568378681628019;
5460;38;0.5675463627248973;
5464;38;0.5667158710421063;
5468;38;0.5658872028598125;
5472;38;0.5650603507310734;
5476;38;0.5642353072125843;
5480;38;0.5634120648610406;
5484;38;0.5625906311270228;
5488;38;0.5617709836697031;
5492;38;0.5609531336667715;
5496;38;0.5601370699496329;
5500;38;0.5593227776225831;
5504;38;0.5585102641416597;
5508;38;0.5576995183346298;
5512;38;0.5568905364816601;
5516;38;0.5560833260406071;
5520;38;0.5552778497640247;
5524;38;0.5544741337307642;
5528;38;0.5536641282251367;
5532;38;0.5528719228204864;
5536;38;0.5520734279525641;
5540;38;0.5512766486481269;
5544;38;0.5504815960866836;
5548;38;0.5496882590996393;
5552;38;0.5488966488646838;
5556;38;0.5481067393156991;
5560;38;0.5473185379014467;
5564;38;0.54653203718226;
5568;38;0.5457472073594545;
5572;38;0.5449640894130425;
5576;38;0.5441826609985583;
5580;38;0.5434028960462456;
5584;38;0.5426248094572657;
5588;38;0.5418483975154231;
5592;38;0.5410736453231948;
5596;38;0.5403005528860376;
5600;38;0.5395291276581702;
5604;38;0.5387517361195933;
5608;38;0.5379912080734357;
5612;38;0.5372247174491349;
5616;38;0.5364598568030488;
5620;38;0.5356966298641055;
5624;38;0.5349350366341241;
5628;38;0.5341750659463287;
5632;38;0.5334167103555956;
5636;38;0.5326599661366345;
5640;38;0.5319048258461407;
5644;38;0.5311513006654422;
5648;38;0.5303993719717255;
5652;38;0.5296490434957377;
5656;38;0.5289003003381367;
5660;38;0.5281531387845462;
5664;38;0.5274075662837276;
5668;38;0.5266635679436149;
5672;38;0.5259211549418978;
5676;38;0.5251803012051823;
5680;38;0.5244337989697669;
5684;38;0.5237032715576788;
5688;38;0.522967110549871;
5692;38;0.5222324827554985;
5696;38;0.5214994105208461;
5700;38;0.5207678789556667;
5704;38;0.5200378806148365;
5708;38;0.5193094154965365;
5712;38;0.5185824836116808;
5716;38;0.517857081234979;
5720;38;0.5171332009213074;
5724;38;0.5164108277767809;
5728;38;0.5156899729772704;
5732;38;0.5149706290812901;
5736;38;0.5142527849129692;
5740;38;0.5135364330290031;
5744;38;0.5128215883323719;
5748;38;0.5121082322020811;
5752;38;0.5113963571930071;
5756;38;0.5106791442085523;
5760;38;0.5099770803553838;
5764;38;0.5092696412830264;
5768;38;0.5085636796211475;
5772;38;0.5078591842029709;
5776;38;0.507156143850807;
5780;38;0.5064545734730928;
5784;38;0.5057544656247046;
5788;38;0.5050557979557198;
5792;38;0.504358592823337;
5796;38;0.5036628092511819;
5800;38;0.502968465874801;
5804;38;0.5022755664176657;
5808;38;0.5015840810865484;
5812;38;0.5008940471343521;
5816;38;0.5002054198648693;
5820;38;0.4995182141828991;
5824;38;0.49883243754084106;
5828;38;0.4981480526912492;
5832;38;0.4974585991403728;
5836;38;0.4967835179922986;
5840;38;0.49610335324723565;
5844;38;0.49542457286224817;
5848;38;0.49474719173849735;
5852;38;0.49407121733202075;
5856;38;0.49339659749421116;
5860;38;0.49272338438095176;
5864;38;0.4920515258436353;
5868;38;0.4913810591388028;
5872;38;0.49071195446595084;
5876;38;0.49004421928293596;
5880;38;0.48937783869041596;
5884;38;0.48871282759319;
5888;38;0.4880491487419931;
5892;38;0.48738683939518523;
5896;38;0.48672586975408194;
5900;38;0.48606624726926384;
5904;38;0.4854079719498259;
5908;38;0.4847448664222611;
5912;38;0.48409540320972155;
5916;38;0.48344111724691174;
5920;38;0.4827881635610538;
5924;38;0.4821365272564435;
5928;38;0.48148620088250027;
5932;38;0.4808371993476612;
5936;38;0.4801895077507652;
5940;38;0.4795431260990881;
5944;38;0.478898054394449;
5948;38;0.4782542777393246;
5952;38;0.47761178123619175;
5956;38;0.4769705946910108;
5960;38;0.47633071065865806;
5964;38;0.47569208443565003;
5968;38;0.4750547532821656;
5972;38;0.47441870974762423;
5976;38;0.47378393893632165;
5980;38;0.47315043340313423;
5984;38;0.4725123720781994;
5988;38;0.47188724797888426;
5992;38;0.4712575382927753;
5996;38;0.4706291088004946;
6000;38;0.47000192969971977;
6004;38;0.4693760009940888;
6008;38;0.46875131523847813;
6012;38;0.46812787988528726;
6016;38;0.467505680036993;
6020;38;0.4668847306002135;
6024;38;0.4662650241225492;
6028;38;0.46564653826135327;
6032;38;0.46502928046902525;
6036;38;0.46441325819796475;
6040;38;0.46379844910188694;
6044;38;0.4631848606331914;
6048;38;0.46257250024609675;
6052;38;0.4619613530430797;
6056;38;0.4613514041266171;
6060;38;0.4607371051715745;
6064;38;0.46013514586593374;
6068;38;0.4595288067284855;
6072;38;0.4589236882420664;
6076;38;0.4583197308056697;
6080;38;0.45771698657517845;
6084;38;0.45711542575190833;
6088;38;0.4565150557937159;
6092;38;0.4559158766969631;
6096;38;0.45531786611900316;
6100;38;0.45472101660743647;
6104;38;0.4541253505212808;
6108;38;0.4535308604135935;
6112;38;0.45293753138321335;
6116;38;0.4523453634337784;
6120;38;0.4517543640213262;
6124;38;0.4511645182465145;
6128;38;0.4505758261111623;
6132;38;0.449988280170146;
6136;38;0.4493965948768164;
6140;38;0.44881664177955827;
6144;38;0.44823253443610156;
6148;38;0.44764958820087486;
6152;38;0.4470677434692334;
6156;38;0.4464870524006983;
6160;38;0.4459074926453468;
6164;38;0.44532904930565564;
6168;38;0.44475174473700463;
6172;38;0.44417554914070934;
6176;38;0.44360048486669257;
6180;38;0.4430265295723075;
6184;38;0.44245369815871527;
6188;38;0.4418819608272315;
6192;38;0.4413113324808364;
6196;38;0.44074180567440635;
6200;38;0.4401734027615021;
6204;38;0.43960607903682103;
6208;38;0.43903985686483793;
6212;38;0.438469690083366;
6216;38;0.43791069481812883;
6220;38;0.4373477400513366;
6224;38;0.43678587939029967;
6228;38;0.43622509049055225;
6232;38;0.4356653808044939;
6236;38;0.43510675778452423;
6240;38;0.4345491990807204;
6244;38;0.43399272705210024;
6248;38;0.4334373044439417;
6252;38;0.43288296851096675;
6256;38;0.4323296671082062;
6260;38;0.4317774449373246;
6264;38;0.4312262721996376;
6268;38;0.43067615634936374;
6272;38;0.430127097388322;
6276;38;0.4295790804189892;
6280;38;0.42903212034434546;
6284;38;0.42848618736388744;
6288;38;0.42793651441934344;
6292;38;0.42739747720952437;
6296;38;0.4268546627863543;
6300;38;0.42631289037308306;
6304;38;0.42577214506673045;
6308;38;0.425232434325153;
6312;38;0.42469374324537057;
6316;38;0.4241560867340013;
6320;38;0.42361943499236077;
6324;38;0.4230838103703718;
6328;38;0.42254919052538753;
6332;38;0.42201559780914977;
6336;38;0.4214829949687555;
6340;38;0.42095141926074575;
6344;38;0.42042084833883564;
6348;38;0.419891267301864;
6352;38;0.41936269105463;
6356;38;0.41883511960259057;
6360;38;0.4183085380391276;
6364;38;0.41777838094640174;
6368;38;0.4172583520612534;
6372;38;0.41673474764684215;
6376;38;0.41621211078563647;
6380;38;0.4156904712817777;
6384;38;0.4151697993347625;
6388;38;0.4146501172981516;
6392;38;0.4141314028256602;
6396;38;0.41361367082026845;
6400;38;0.4130968989302346;
6404;38;0.4125810946079582;
6408;38;0.41206625786071527;
6412;38;0.41155239614090533;
6416;38;0.41103947219380643;
6420;38;0.4105275307283591;
6424;38;0.4100165270428988;
6428;38;0.4095064760422247;
6432;38;0.4089973777281557;
6436;38;0.4084892321006919;
6440;38;0.40797769661912753;
6444;38;0.4074757989255886;
6448;38;0.40697048902802635;
6452;38;0.406466116928641;
6456;38;0.4059626677262713;
6460;38;0.4054601712286967;
6464;38;0.40495859763359476;
6468;38;0.40445796184576466;
6472;38;0.4039582489676832;
6476;38;0.4034594664481119;
6480;38;0.40296160684374627;
6484;38;0.402464655251606;
6488;38;0.40196864147947053;
6492;38;0.401473543177417;
6496;38;0.40097933799370367;
6500;38;0.40048605573429086;
6504;38;0.39999369640463556;
6508;38;0.399502237649358;
6512;38;0.39901167202515353;
6516;38;0.39851787168845476;
6520;38;0.39803326487708546;
6524;38;0.3975454159080982;
6528;38;0.39705845262506045;
6532;38;0.3965723824858287;
6536;38;0.3960872129355266;
6540;38;0.39560292908390693;
6544;38;0.39511953092915064;
6548;38;0.39463702592183836;
6552;38;0.39415539171750424;
6556;38;0.3936746655672323;
6560;38;0.3931947878700157;
6564;38;0.3927158107817377;
6568;38;0.39223768215197197;
6572;38;0.3917604466842022;
6576;38;0.3912840671309823;
6580;38;0.3908085732946347;
6584;38;0.3903339279222564;
6588;38;0.38986015337286517;
6592;38;0.38938327893083624;
6596;38;0.3889152018382447;
6600;38;0.3884440025103686;
6604;38;0.38797366655671794;
6608;38;0.3875041790852265;
6612;38;0.38703554754465586;
6616;38;0.3865677644880634;
6620;38;0.38610082991726813;
6624;38;0.3856347512864886;
6628;38;0.38516949879158346;
6632;38;0.38470509478793247;
6636;38;0.384241531830412;
6640;38;0.38377880246662244;
6644;38;0.3833169067020208;
6648;38;0.38285584453478805;
6652;38;0.3823956159685622;
6656;38;0.3819362284575618;
6660;38;0.3814776596500451;
6664;38;0.38101991700023063;
6668;38;0.38055918846293935;
6672;38;0.3801068878292426;
6676;38;0.37965160131170705;
6680;38;0.3791971409573307;
6684;38;0.37874349932098994;
6688;38;0.37829066895392316;
6692;38;0.3778386349531502;
6696;38;0.37738741222710814;
6700;38;0.37693701567513926;
6704;38;0.37648741549855913;
6708;38;0.37603861914976733;
6712;38;0.37559063408116344;
6716;38;0.3751434379428247;
6720;38;0.3746970381871506;
6724;38;0.37425143481596024;
6728;38;0.37380663528165314;
6732;38;0.3733626246867061;
6736;38;0.37291939558235754;
6740;38;0.3724769703203492;
6744;38;0.3720317006627738;
6748;38;0.37159445682846126;
6752;38;0.3711543835033808;
6756;38;0.3707150991267554;
6760;38;0.37027657390171953;
6764;38;0.3698388376287767;
6768;38;0.369401867961642;
6772;38;0.36896567980147665;
6776;38;0.3685302656995191;
6780;38;0.36809561820518866;
6784;38;0.36766173732394236;
6788;38;0.3672286230539612;
6792;38;0.36679627540252113;
6796;38;0.3663646943659842;
6800;38;0.3659338724992267;
6804;38;0.3655038172528293;
6808;38;0.3650745062768692;
6812;38;0.364645947023746;
6816;38;0.3642181469476782;
6820;38;0.36378766243615246;
6824;38;0.3633648243303469;
6828;38;0.3629392794409796;
6832;38;0.3625144862817251;
6836;38;0.36209042995687923;
6840;38;0.36166712536942214;
6844;38;0.3612445576200116;
6848;38;0.3608227267068287;
6852;38;0.3604016400859109;
6856;38;0.3599812977554393;
6860;38;0.3595616848197096;
6864;38;0.3591427938281413;
6868;38;0.35872465458669467;
6872;38;0.35830722239188617;
6876;38;0.3578905344984378;
6880;38;0.3574745611058461;
6884;38;0.35705931711709127;
6888;38;0.3566448025358113;
6892;38;0.35623100990778767;
6896;38;0.35581461918081914;
6900;38;0.3554055756339949;
6904;38;0.35499392653764517;
6908;38;0.35458300685604627;
6912;38;0.3541727793362952;
6916;38;0.35376328123675194;
6920;38;0.3533544902020367;
6924;38;0.3529464062376064;
6928;38;0.35253901444411895;
6932;38;0.3521323595268768;
6936;38;0.3517263893299969;
6940;38;0.3513211113113357;
6944;38;0.35091655526957766;
6948;38;0.35051269140603836;
6952;38;0.350109497370795;
6956;38;0.34970701787096914;
6960;38;0.3493052380035806;
6964;38;0.34890414287110616;
6968;38;0.3485037399259454;
6972;38;0.34810086958714237;
6976;38;0.34770501060120296;
6980;38;0.34730665442293684;
6984;38;0.346908997889841;
6988;38;0.34651204100009636;
6992;38;0.3461157390556764;
6996;38;0.34572012930948404;
7000;38;0.3453251894097775;
7004;38;0.344930934263175;
7008;38;0.3445373489666963;
7012;38;0.34414444097456;
7016;38;0.3437521953837859;
7020;38;0.34336062710099213;
7024;38;0.34296972867741715;
7028;38;0.34257948521008075;
7032;38;0.3421899190543627;
7036;38;0.3418010153109208;
7040;38;0.341412773979755;
7044;38;0.34102518761392275;
7048;38;0.34063525094097713;
7052;38;0.340252031934142;
7056;38;0.3398664179203479;
7060;38;0.33948145142676367;
7064;38;0.3390971622593497;
7068;38;0.33871352061214566;
7072;38;0.33833053394118906;
7076;38;0.33794817989473813;
7080;38;0.33756648082635365;
7084;38;0.3371854441884352;
7088;38;0.3368050327298988;
7092;38;0.33642526135190565;
7096;38;0.3360461524098355;
7100;38;0.33566767609954695;
7104;38;0.3352898175271548;
7108;38;0.3349126139401051;
7112;38;0.3345360504445125;
7116;38;0.3341601344891387;
7120;38;0.3337848288247187;
7124;38;0.3334072584457317;
7128;38;0.3330361154221464;
7132;38;0.33266271514185064;
7136;38;0.33228993260490824;
7140;38;0.33191778271793737;
7144;38;0.3315462356804346;
7148;38;0.3311753436428262;
7152;38;0.33080504700956226;
7156;38;0.33043539792925003;
7160;38;0.3300663517038629;
7164;38;0.32969792323456204;
7168;38;0.32933011252316646;
7172;38;0.32896291211909556;
7176;38;0.3285963369271485;
7180;38;0.3282303645955835;
7184;38;0.32786503237912257;
7188;38;0.32750028067675885;
7192;38;0.3271361392871768;
7196;38;0.3267726007652527;
7200;38;0.32640689527215727;
7204;38;0.32604734722735884;
7208;38;0.3256856396656076;
7212;38;0.32532451262341056;
7216;38;0.3249640033554897;
7220;38;0.3246040895137412;
7224;38;0.3242447561951849;
7228;38;0.3238860481069423;
7232;38;0.32352790564254974;
7236;38;0.3231703660603671;
7240;38;0.3228134293585754;
7244;38;0.3224570731890708;
7248;38;0.32210131245301454;
7252;38;0.321746139701645;
7256;38;0.3213915623873618;
7260;38;0.32103755070784246;
7264;38;0.32068413446722843;
7268;38;0.3203313062185771;
7272;38;0.31997905105708924;
7276;38;0.31962471526094305;
7280;38;0.31927631216603913;
7284;38;0.3189257762860507;
7288;38;0.3185758433010051;
7292;38;0.3182264834140369;
7296;38;0.3178777040757268;
7300;38;0.3175294754855713;
7304;38;0.31718184979581565;
7308;38;0.3168347599585104;
7312;38;0.31648826557466236;
7316;38;0.31614235174492933;
7320;38;0.3157969663188851;
7324;38;0.31545217634993605;
7328;38;0.315107929689475;
7332;38;0.3147642710391665;
7336;38;0.31442114824676537;
7340;38;0.3140785985669936;
7344;38;0.3137366145492706;
7348;38;0.31339518129607313;
7352;38;0.3130517455138033;
7356;38;0.31271398198259703;
7360;38;0.3123742308252986;
7364;38;0.31203499318507966;
7368;38;0.3116963510183268;
7372;38;0.3113582372698147;
7376;38;0.3110206966430269;
7380;38;0.3106836769893562;
7384;38;0.31034720810930594;
7388;38;0.3100112900046952;
7392;38;0.3096759152267623;
7396;38;0.3093411061272491;
7400;38;0.30900679565274913;
7404;38;0.3086730732120486;
7408;38;0.308339856848761;
7412;38;0.30800719126818876;
7416;38;0.307675076472151;
7420;38;0.3073434901107248;
7424;38;0.3070124396308529;
7428;38;0.3066794677379221;
7432;38;0.30635193143643846;
7436;38;0.30602247372189595;
7440;38;0.30569357424610644;
7444;38;0.3053651659611205;
7448;38;0.30503730101918336;
7452;38;0.3047099719697144;
7456;38;0.3043831788127136;
7460;38;0.30405689920189616;
7464;38;0.3037311182361009;
7468;38;0.30340589551997255;
7472;38;0.30308117890126596;
7476;38;0.3027569907317229;
7480;38;0.30243330121084;
7484;38;0.3021101773956616;
7488;38;0.3017875149798783;
7492;38;0.30146540336863836;
7496;38;0.3011437978639151;
7500;38;0.30082271336323174;
7504;38;0.30049979133218585;
7508;38;0.3001820924837375;
7512;38;0.2998625188556616;
7516;38;0.2995434811400628;
7520;38;0.29922494953279966;
7524;38;0.29890693894049036;
7528;38;0.29858940465965134;
7532;38;0.29827239884252776;
7536;38;0.29795587679109303;
7540;38;0.29763989065759233;
7544;38;0.2973243733886193;
7548;38;0.29700936968947644;
7552;38;0.29669485720842204;
7556;38;0.29638088809952023;
7560;38;0.29606736551068025;
7564;38;0.29575437884523126;
7568;38;0.2954418610515859;
7572;38;0.2951298270327243;
7576;38;0.29481833638965327;
7580;38;0.29450501832070586;
7584;38;0.2941967468341318;
7588;38;0.2938867149714497;
7592;38;0.29357714453908557;
7596;38;0.293268080238704;
7600;38;0.29295949226798257;
7604;38;0.2926514029804821;
7608;38;0.29234379747504136;
7612;38;0.29203669810522115;
7616;38;0.29173004527001467;
7620;38;0.2914238911216671;
7624;38;0.2911182207590173;
7628;38;0.29081303418570315;
7632;38;0.2905083090518019;
7636;38;0.2902040826065786;
7640;38;0.28990031015382556;
7644;38;0.2895970363933884;
7648;38;0.28929423897534434;
7652;38;0.28899190300035116;
7656;38;0.28868787466490176;
7660;38;0.2883886824383808;
7664;38;0.288087753151558;
7668;38;0.28778730766134686;
7672;38;0.28748733852080477;
7676;38;0.2871878457317507;
7680;38;0.2868888069406239;
7684;38;0.28659024450098514;
7688;38;0.2862921360647306;
7692;38;0.28599449653302145;
7696;38;0.28569733335280034;
7700;38;0.28540062417960144;
7704;38;0.28510436901342473;
7708;38;0.28480857530121284;
7712;38;0.2845132430502417;
7716;38;0.2842183946067962;
7720;38;0.2839239703716885;
7724;38;0.2836300150502211;
7728;38;0.28333652118817554;
7732;38;0.28304139940155437;
7736;38;0.28275090295392147;
7740;38;0.28245877113295137;
7744;38;0.2821671082292596;
7748;38;0.2818758546382014;
7752;38;0.28158508486558276;
7756;38;0.28129473931039684;
7760;38;0.28100486267430824;
7764;38;0.280715417708052;
7768;38;0.2804264491132926;
7772;38;0.2801378972890234;
7776;38;0.27984980693690886;
7780;38;0.27956217805876804;
7784;38;0.2792749510535941;
7788;38;0.2789881855242129;
7792;38;0.27870185911888257;
7796;38;0.2784160090941441;
7800;38;0.2781305534954299;
7804;38;0.27784553702258563;
7808;38;0.2775589598877559;
7812;38;0.277276851271381;
7816;38;0.2769931372895371;
7820;38;0.27670988479076186;
7824;38;0.27642709377687424;
7828;38;0.2761446673921455;
7832;38;0.27586273229644576;
7836;38;0.27558120653338847;
7840;38;0.2753000901066116;
7844;38;0.27501943516836036;
7848;38;0.27473919701697014;
7852;38;0.2744594054547633;
7856;38;0.27418000087891414;
7860;38;0.27390104289588635;
7864;38;0.27362250915575714;
7868;38;0.27334442945721094;
7872;38;0.27306672929807974;
7876;38;0.2727894608342467;
7880;38;0.27251265386803425;
7884;38;0.27223428885190515;
7888;38;0.2719602232664329;
7892;38;0.27168465178510814;
7896;38;0.27140948965279676;
7900;38;0.27113475176884094;
7904;38;0.27086045303440187;
7908;38;0.27058655620203353;
7912;38;0.27031306871867855;
7916;38;0.2700399756849947;
7920;38;0.2697673069069424;
7924;38;0.2694950698314642;
7928;38;0.26922321230995294;
7932;38;0.2689517939434154;
7936;38;0.26868077748440555;
7940;38;0.26841015547870484;
7944;38;0.268139987532777;
7948;38;0.2678701916956925;
7952;38;0.26760081266547786;
7956;38;0.2673318355464289;
7960;38;0.26706137942164787;
7964;38;0.2667950721388479;
7968;38;0.2665273231032188;
7972;38;0.2662599685318128;
7976;38;0.2659930009722302;
7980;38;0.2657264427780319;
7984;38;0.2654602939492179;
7988;38;0.2651945470370265;
7992;38;0.2649291498873936;
7996;38;0.2646641993596859;
8000;38;0.26439963584925863;
8004;38;0.2641354966090148;
8008;38;0.26387172203612863;
8012;38;0.2636083270335803;
8016;38;0.26334534140369215;
8020;38;0.263082750247122;
8024;38;0.2628205684632121;
8028;38;0.2625587737002206;
8032;38;0.26229735851302394;
8036;38;0.26203455105496687;
8040;38;0.26177568921411876;
8044;38;0.26151545000539045;
8048;38;0.26125557547129574;
8052;38;0.2609961252182984;
8056;38;0.26073703964357264;
8060;38;0.26047832619588007;
8064;38;0.26022002213176165;
8068;38;0.2599621050976566;
8072;38;0.2597045601942227;
8076;38;0.2594474023244402;
8080;38;0.2591906165871478;
8084;38;0.2589342104329262;
8088;38;0.2586781764148327;
8092;38;0.25842253688097117;
8096;38;0.25816729928374116;
8100;38;0.2579124114727165;
8104;38;0.25765788834905834;
8108;38;0.2574037671638507;
8112;38;0.25714829155549523;
8116;38;0.2568966263133916;
8120;38;0.25664362154566334;
8124;38;0.25639098892315815;
8128;38;0.2561387358891807;
8132;38;0.2558868475498457;
8136;38;0.2556353388008574;
8140;38;0.255384187299569;
8144;38;0.2551334079398657;
8148;38;0.2548830081759661;
8152;38;0.25463296565794735;
8156;38;0.2543833027375513;
8160;38;0.25413402686535846;
8164;38;0.25388506353738194;
8168;38;0.25363650961116946;
8172;38;0.25338828313397244;
8176;38;0.25314043625621707;
8180;38;0.25289298388088355;
8184;38;0.25264586640696507;
8188;38;0.25239744885584514;
8192;38;0.25215270321314165;
8196;38;0.2519066723962169;
8200;38;0.25166102863659034;
8204;38;0.25141569742845604;
8208;38;0.25117073837645876;
8212;38;0.2509261514805985;
8216;38;0.25068190694219084;
8220;38;0.250438019660578;
8224;38;0.25019450453692116;
8228;38;0.2499513317743549;
8232;38;0.24970850136924128;
8236;38;0.24946605802688282;
8240;38;0.24922394214263477;
8244;38;0.2489821835188195;
8248;38;0.24874078216089401;
8252;38;0.2484997231640591;
8256;38;0.24825902142947598;
8260;38;0.24801864716027922;
8264;38;0.2477770574078022;
8268;38;0.24753900021823938;
8272;38;0.2472996977467119;
8276;38;0.2470607078394096;
8280;38;0.24682209009915823;
8284;38;0.24658381472727342;
8288;38;0.24634589662673534;
8292;38;0.2461083059934026;
8296;38;0.24587108753075881;
8300;38;0.24563418163961614;
8304;38;0.24539761811684002;
8308;38;0.2451614118690486;
8312;38;0.24492554799144273;
8316;38;0.24468999668897595;
8320;38;0.2444548175590171;
8324;38;0.24421996590353956;
8328;38;0.24398544172072434;
8332;38;0.2437512748165318;
8336;38;0.24351743538863957;
8340;38;0.24328238770794997;
8344;38;0.2430507538629172;
8348;38;0.24281792666624824;
8352;38;0.24258542694769858;
8356;38;0.242353239807926;
8360;38;0.24212142485157528;
8364;38;0.24188992247400165;
8368;38;0.2416587475763663;
8372;38;0.2414279150616494;
8376;38;0.24119741002868977;
8380;38;0.2409672324793064;
8384;38;0.24073739731466048;
8388;38;0.24050787473242963;
8392;38;0.24027867963377503;
8396;38;0.24004982692531485;
8400;38;0.23982128679926973;
8404;38;0.23959307573568367;
8408;38;0.23936520390634541;
8412;38;0.2391376313426008;
8416;38;0.2389089210792008;
8420;38;0.23868349848089565;
8424;38;0.2384569083842507;
8428;38;0.2382306308754778;
8432;38;0.2380046957587183;
8436;38;0.2377790583323076;
8440;38;0.23755376330154832;
8444;38;0.23732879576164123;
8448;38;0.23710414081506315;
8452;38;0.23687978355883388;
8456;38;0.2366557537989138;
8460;38;0.2364320515334839;
8464;38;0.23620866186502099;
8468;38;0.23598558478988707;
8472;38;0.23576283521470032;
8476;38;0.23554039823466155;
8480;38;0.23531825895042857;
8484;38;0.23509644716614275;
8488;38;0.2348749479824619;
8492;38;0.2346523464511847;
8496;38;0.23443287250847789;
8500;38;0.2342123260259541;
8504;38;0.23399207724105509;
8508;38;0.23377212615741882;
8512;38;0.2335525025791867;
8516;38;0.23333316179923713;
8520;38;0.2331141634258529;
8524;38;0.2328954478543892;
8528;38;0.23267705978832964;
8532;38;0.23245895452600962;
8536;38;0.23224117677091272;
8540;38;0.23202369672071654;
8544;38;0.23180652927840129;
8548;38;0.23158965954280575;
8552;38;0.23137311731625232;
8556;38;0.23115682809475402;
8560;38;0.23094089618462021;
8564;38;0.23072521728317952;
8568;38;0.23050850477375207;
8572;38;0.23029481220874004;
8576;38;0.23008007114003703;
8580;38;0.22986561288053053;
8584;38;0.22965146723436192;
8588;38;0.22943761930037;
8592;38;0.22922408397971594;
8596;38;0.22901080167139298;
8600;38;0.2287978468775691;
8604;38;0.22858517490021768;
8608;38;0.22837281553802313;
8612;38;0.22816073899048206;
8616;38;0.22794897509629664;
8620;38;0.2277374939458241;
8624;38;0.22752631054754602;
8628;38;0.22731542487053957;
8632;38;0.22710483691116679;
8636;38;0.22689453176826646;
8640;38;0.22668450944547658;
8644;38;0.2264734523705556;
8648;38;0.22626535796189273;
8652;38;0.22605621390175656;
8656;38;0.22584738246405323;
8660;38;0.22563880404595693;
8664;38;0.22543053825211246;
8668;38;0.22522254037903622;
8672;38;0.22501485513384978;
8676;38;0.22480743780943158;
8680;38;0.22460033311108418;
8684;38;0.224393496337143;
8688;38;0.22418692748760805;
8692;38;0.22398067126596288;
8696;38;0.22377469786988513;
8700;38;0.22356899240185157;
8704;38;0.22336356976120442;
8708;38;0.22315844484910485;
8712;38;0.22295358786504949;
8716;38;0.2227490286095417;
8720;38;0.22254346446788986;
8724;38;0.22234072878745792;
8728;38;0.2221370031238621;
8732;38;0.22193357519063284;
8736;38;0.22173040028792457;
8740;38;0.22152750821805967;
8744;38;0.22132489897921914;
8748;38;0.22112257257504098;
8752;38;0.22092052900552517;
8756;38;0.22071876827067172;
8760;38;0.22051724566699704;
8764;38;0.2203160208009649;
8768;38;0.22011507876777614;
8772;38;0.2199144046735455;
8776;38;0.21971401341397723;
8780;38;0.2195138751922059;
8784;38;0.2193140198069159;
8788;38;0.21911444725992624;
8792;38;0.2189151575530559;
8796;38;0.21871487458884076;
8800;38;0.21851733725088707;
8804;38;0.21831885136089113;
8808;38;0.21812063340985333;
8812;38;0.21792268340323062;
8816;38;0.21772498643258587;
8820;38;0.2175275723056984;
8824;38;0.21733042612140707;
8828;38;0.21713354787971184;
8832;38;0.21693695248177391;
8836;38;0.2167405952259287;
8840;38;0.2165445208138408;
8844;38;0.21634869944682578;
8848;38;0.21615317582654825;
8852;38;0.21595789035018242;
8856;38;0.2157628877193929;
8860;38;0.21556810833499185;
8864;38;0.2153736266973283;
8868;38;0.21517941300589882;
8872;38;0.2149842564995197;
8876;38;0.21479172986801132;
8880;38;0.21459832002437906;
8884;38;0.2144051185259741;
8888;38;0.2142121998786024;
8892;38;0.21401953427994158;
8896;38;0.21382714747960563;
8900;38;0.21363502009444346;
8904;38;0.21344313029294426;
8908;38;0.21325150670054427;
8912;38;0.21306015105983533;
8916;38;0.21286903357031406;
8920;38;0.21267819893546402;
8924;38;0.21248760245543963;
8928;38;0.2122972441247839;
8932;38;0.2121071686506184;
8936;38;0.21191736113360093;
8940;38;0.2117277768702479;
8944;38;0.2115384754633851;
8948;38;0.2113482483127882;
8952;38;0.21116058711595542;
8956;38;0.2109720448788721;
8960;38;0.21078372589727223;
8964;38;0.21059568977580057;
8968;38;0.2104079013788578;
8972;38;0.2102203320064291;
8976;38;0.21003303559518827;
8980;38;0.20984598647373787;
8984;38;0.20965920074741007;
8988;38;0.20947263828020368;
8992;38;0.2092863437756023;
8996;38;0.2091002874312835;
9000;38;0.2089145139525499;
9004;38;0.20872891902763513;
9008;38;0.2085436516736081;
9012;38;0.2083585628770379;
9016;38;0.20817374204671069;
9020;38;0.20798915937848506;
9024;38;0.20780373406341823;
9028;38;0.20762076813844033;
9032;38;0.20743691486313764;
9036;38;0.2072533444588771;
9040;38;0.20706998241439578;
9044;38;0.2068868734404532;
9048;38;0.2067040175297734;
9052;38;0.20652141469145135;
9056;38;0.2063390202165465;
9060;38;0.2061568788085424;
9064;38;0.20597499047107704;
9068;38;0.20579332540182804;
9072;38;0.20561192830609798;
9076;38;0.2054307395737851;
9080;38;0.20524981881499116;
9084;38;0.20506912132441357;
9088;38;0.20488866200685152;
9092;38;0.2047084557616472;
9096;38;0.20452845788349805;
9100;38;0.20434763770572317;
9104;38;0.20416920645038772;
9108;38;0.20398992308946617;
9112;38;0.20381090770752053;
9116;38;0.20363211559561023;
9120;38;0.20345353290031198;
9124;38;0.20327520119280962;
9128;38;0.20309712360722187;
9132;38;0.2029192401041655;
9136;38;0.20274162335590518;
9140;38;0.2025642155931564;
9144;38;0.20238704600706114;
9148;38;0.20221012950241857;
9152;38;0.20203346607195272;
9156;38;0.2018569514148112;
9160;38;0.20168071964144474;
9164;38;0.2015047260429128;
9168;38;0.20132895572714915;
9172;38;0.201153423588039;
9176;38;0.20097704474937927;
9180;38;0.2008029993467062;
9184;38;0.20062815194796713;
9188;38;0.20045351292901614;
9192;38;0.20027913347621507;
9196;38;0.20010493453264644;
9200;38;0.1999309951606847;
9204;38;0.19975727108248975;
9208;38;0.19958377465081867;
9212;38;0.19941051673049515;
9216;38;0.1992374704877875;
9220;38;0.19906466242719034;
9224;38;0.19889206275183824;
9228;38;0.198719731060919;
9232;38;0.19854754815241904;
9236;38;0.19837563323017093;
9240;38;0.19820392669498688;
9244;38;0.19803245834555128;
9248;38;0.19786122818186413;
9252;38;0.1976891598860675;
9256;38;0.1975193781145208;
9260;38;0.1973488178136904;
9264;38;0.19717840629527927;
9268;38;0.19700826276857697;
9272;38;0.1968383425300999;
9276;38;0.19666864558166708;
9280;38;0.19649917192327848;
9284;38;0.19632987685145054;
9288;38;0.1961608795736538;
9292;38;0.19599200127959193;
9296;38;0.19582339098087687;
9300;38;0.19565500397220603;
9304;38;0.19548682535605622;
9308;38;0.19531887003176962;
9312;38;0.19515113799752726;
9316;38;0.1949835845553025;
9320;38;0.19481626930792117;
9324;38;0.19464917735240306;
9328;38;0.1944813240552321;
9332;38;0.19431561862438684;
9336;38;0.19414916674941196;
9340;38;0.19398293817175727;
9344;38;0.19381691798844258;
9348;38;0.1936511211024481;
9352;38;0.19348549124515557;
9356;38;0.19332010781181452;
9360;38;0.19315492120949784;
9364;38;0.19298995790632034;
9368;38;0.1928251950048434;
9372;38;0.1926606713914225;
9376;38;0.19249633328035998;
9380;38;0.19233223336777883;
9384;38;0.19216829714969208;
9388;38;0.1920045842343825;
9392;38;0.19184109461821208;
9396;38;0.19167781340001966;
9400;38;0.1915147405816242;
9404;38;0.1913509270943905;
9408;38;0.19118920524670102;
9412;38;0.19102675763133448;
9416;38;0.1908645035146037;
9420;38;0.1907024727024691;
9424;38;0.19054063538897026;
9428;38;0.19037899157774518;
9432;38;0.19021759687166195;
9436;38;0.19005635896792228;
9440;38;0.18989537016568647;
9444;38;0.18973454506704002;
9448;38;0.1895739386400237;
9452;38;0.18941357968651573;
9456;38;0.18925334232335445;
9460;38;0.18909337341756327;
9464;38;0.18893356054104515;
9468;38;0.18877394117043877;
9472;38;0.18861458562059852;
9476;38;0.18845540214897483;
9480;38;0.188295499099695;
9484;38;0.18813762225181563;
9488;38;0.1879790747170773;
9492;38;0.18782069088592834;
9496;38;0.1876624856613489;
9500;38;0.18750453354914498;
9504;38;0.1873467302430072;
9508;38;0.18718913534394233;
9512;38;0.18703176375674957;
9516;38;0.18687457248961437;
9520;38;0.18671757130687183;
9524;38;0.18656082494999282;
9528;38;0.1864042041288485;
9532;38;0.18624782336337375;
9536;38;0.1860916094155982;
9540;38;0.18593562561909494;
9544;38;0.185779797116993;
9548;38;0.18562418702276773;
9552;38;0.18546876726213668;
9556;38;0.185312682428048;
9560;38;0.18515854751967709;
9564;38;0.18500370647780073;
9568;38;0.18484907385209226;
9572;38;0.1846946198365913;
9576;38;0.18454037423543923;
9580;38;0.18438630724995164;
9584;38;0.18423249338229652;
9588;38;0.18407879852384212;
9592;38;0.1839252971822134;
9596;38;0.18377201017756306;
9600;38;0.18361891974745959;
9604;38;0.18346602875681128;
9608;38;0.18331331638182746;
9612;38;0.18316078679345082;
9616;38;0.18300845727935666;
9620;38;0.18285632545484987;
9624;38;0.18270435734666535;
9628;38;0.18255261255944788;
9632;38;0.182400188756219;
9636;38;0.18224964393630216;
9640;38;0.18209846480567649;
9644;38;0.18194746429253428;
9648;38;0.18179661372232658;
9652;38;0.1816459705660236;
9656;38;0.1814955642712448;
9660;38;0.18134526333597023;
9664;38;0.1811952006246429;
9668;38;0.1810453027155745;
9672;38;0.18089561106353358;
9676;38;0.180746114016074;
9680;38;0.18059676578923245;
9684;38;0.18044762598583475;
9688;38;0.1802986648035585;
9692;38;0.18014988224604167;
9696;38;0.18000131285953103;
9700;38;0.17985288279851375;
9704;38;0.17970466591032164;
9708;38;0.1795558007015643;
9712;38;0.1794087978087191;
9716;38;0.17926111679298629;
9720;38;0.1791135845996905;
9724;38;0.17896629063579894;
9728;38;0.1788191454943444;
9732;38;0.17867221697451896;
9736;38;0.1785254357928352;
9740;38;0.17837885633161932;
9744;38;0.17823245549880085;
9748;38;0.1780862183895806;
9752;38;0.17794017480809998;
9756;38;0.17779431212329655;
9760;38;0.17764860862916976;
9764;38;0.17750311583222356;
9768;38;0.17735781656483596;
9772;38;0.1772126214200398;
9776;38;0.1770676496089436;
9780;38;0.17692288622856722;
9784;38;0.17677744787943084;
9788;38;0.1766337910485163;
9792;38;0.17648954593823873;
9796;38;0.17634545769215038;
9800;38;0.17620154016003653;
9804;38;0.17605783365797834;
9808;38;0.17591424618512974;
9812;38;0.17577086714663892;
9816;38;0.17562765909133304;
9820;38;0.17548465986510564;
9824;38;0.1753417571180762;
9828;38;0.17519908518806915;
9832;38;0.17505657662331942;
9836;38;0.17491423988394672;
9840;38;0.17477207615957013;
9844;38;0.17463008426784654;
9848;38;0.17448827074804285;
9852;38;0.1743466171756154;
9856;38;0.1742051717828872;
9860;38;0.17406307426062995;
9864;38;0.17392273331097385;
9868;38;0.17378176573765813;
9872;38;0.17364102150349936;
9876;38;0.17350036650168477;
9880;38;0.17335994973836932;
9884;38;0.1732196433858917;
9888;38;0.17307954781608714;
9892;38;0.1729396222599462;
9896;38;0.1727998604419554;
9900;38;0.17266027726145694;
9904;38;0.1725208302214014;
9908;38;0.1723815843834018;
9912;38;0.17224249524406332;
9916;38;0.17210358191368869;
9920;38;0.1719648209054867;
9924;38;0.17182627627335023;
9928;38;0.17168785416106402;
9932;38;0.17154956598460558;
9936;38;0.17141075875952083;
9940;38;0.17127360005906667;
9944;38;0.17113583290483803;
9948;38;0.17099827419224312;
9952;38;0.17086087922143633;
9956;38;0.1707236032889341;
9960;38;0.1705865059975622;
9964;38;0.17044957663711102;
9968;38;0.1703128257249773;
9972;38;0.17017625617518206;
9976;38;0.17003979894980148;
9980;38;0.1699035352703504;
9984;38;0.16976745023202966;
9988;38;0.16963152893731603;
9992;38;0.16949575648504833;
9996;38;0.16936016267754894;
